0 0
0.0 0.862997666044
1.0 0.894698443177
2.0 0.915871693248
3.0 0.940428325189
4.0 0.974022627079
5.0 0.995842492906
6.0 0.998937584515
7.0 0.999574519111
8.0 0.999685117182
9.0 0.999732542615
10.0 0.999766059039
11.0 0.999789097751
12.0 0.999807724794
13.0 0.99982040834
14.0 0.99983064096
15.0 0.999840444667
16.0 0.999848165086
17.0 0.999855701686
18.0 0.999859929535
19.0 0.999864157383
20.0 0.999868262686
21.0 0.999871019978
22.0 0.999874390003
23.0 0.999877698754
24.0 0.99988149769
25.0 0.999885296627
26.0 0.999888727924
27.0 0.999891914129
28.0 0.999894548875
29.0 0.999896815983
30.0 0.999899266909
31.0 0.999901350197
32.0 0.999903004573
33.0 0.999904781495
34.0 0.99990643587
35.0 0.999908519158
36.0 0.99991029608
37.0 0.999913114646
38.0 0.999915381753
39.0 0.999917342494
40.0 0.999919180689
41.0 0.999920712519
42.0 0.999922121802
43.0 0.999923714904
44.0 0.999924695275
45.0 0.999926227104
46.0 0.999927207475
47.0 0.999929106943
48.0 0.99993039368
49.0 0.999932354421
50.0 0.999933824977
51.0 0.999934744075
52.0 0.99993639845
53.0 0.999937685187
54.0 0.999938665557
55.0 0.999939217016
56.0 0.999940626299
57.0 0.999941300304
58.0 0.999942648313
59.0 0.999943567411
60.0 0.999944486508
61.0 0.999945160513
62.0 0.999945650699
63.0 0.999946569796
64.0 0.999947059982
65.0 0.999947672713
66.0 0.99994895945
67.0 0.999949633455
68.0 0.999950736372
69.0 0.999951349103
70.0 0.999952390747
71.0 0.999953064752
72.0 0.99995380003
73.0 0.999954290216
74.0 0.999955086767
75.0 0.999956128411
76.0 0.999956924962
77.0 0.999957598967
78.0 0.999958150425
79.0 0.999958701884
80.0 0.999959130796
81.0 0.999959743528
82.0 0.999960785172
83.0 0.999961642996
84.0 0.999962255728
85.0 0.999963052279
86.0 0.999963726284
87.0 0.999963971376
88.0 0.999964339015
89.0 0.99996501302
90.0 0.999965441932
91.0 0.999965809571
92.0 0.999966238484
93.0 0.999966728669
94.0 0.999966973762
95.0 0.999967463947
96.0 0.999967954132
97.0 0.999968199225
98.0 0.99996868941
99.0 0.999969179596
100.0 0.999969731054
101.0 0.99997003742
102.0 0.999970282513
103.0 0.999970895245
104.0 0.999971262884
105.0 0.999971753069
106.0 0.999972120708
107.0 0.999972304527
108.0 0.999972610893
109.0 0.999972794713
110.0 0.999973223625
111.0 0.999973591264
112.0 0.999973775083
113.0 0.999974142722
114.0 0.999974326542
115.0 0.999974571635
116.0 0.999975123093
117.0 0.999975490732
118.0 0.999975980918
119.0 0.999976348557
120.0 0.999976532376
121.0 0.999976654922
122.0 0.999976900015
123.0 0.999977145108
124.0 0.999977267654
125.0 0.999977512747
126.0 0.999977880386
127.0 0.999978248025
128.0 0.999978554391
129.0 0.999978799483
130.0 0.99997892203
131.0 0.999979044576
132.0 0.999979167122
133.0 0.999979289669
134.0 0.999979412215
135.0 0.999979718581
136.0 0.999980024947
137.0 0.999980270039
138.0 0.999980453859
139.0 0.999980698952
140.0 0.999981066591
141.0 0.999981372956
142.0 0.999981618049
143.0 0.999981863142
144.0 0.999982108235
145.0 0.999982230781
146.0 0.999982292054
147.0 0.999982659693
148.0 0.999983149878
149.0 0.999983333698
150.0 0.999983456244
151.0 0.99998376261
152.0 0.999983885156
153.0 0.999984252795
155.0 0.999984497888
156.0 0.999984681708
157.0 0.999984988073
158.0 0.999985049347
159.0 0.99998511062
160.0 0.999985355713
161.0 0.999985723352
162.0 0.999985968444
163.0 0.999986152264
164.0 0.999986213537
165.0 0.999986336083
166.0 0.999986581176
167.0 0.999986703722
168.0 0.999986826269
169.0 0.999986948815
170.0 0.999987010088
171.0 0.999987132634
172.0 0.999987193908
174.0 0.999987377727
176.0 0.999987500273
178.0 0.999987561547
179.0 0.99998762282
180.0 0.999987745366
181.0 0.999987806639
182.0 0.999987990459
183.0 0.999988051732
184.0 0.999988174278
185.0 0.999988358098
186.0 0.999988480644
187.0 0.99998860319
189.0 0.999988664464
190.0 0.99998878701
191.0 0.999988848283
192.0 0.999988909556
194.0 0.999989032103
195.0 0.999989154649
196.0 0.999989215922
197.0 0.999989277195
198.0 0.999989461015
199.0 0.999989522288
200.0 0.999989644834
201.0 0.999989706108
202.0 0.999989767381
205.0 0.999989889927
206.0 0.999990073747
208.0 0.999990196293
209.0 0.999990318839
210.0 0.999990563932
211.0 0.999990625205
215.0 0.999990686478
218.0 0.999990747751
219.0 0.999990870298
220.0 0.999990931571
221.0 0.999991054117
222.0 0.99999111539
223.0 0.999991237937
224.0 0.99999129921
227.0 0.999991666849
228.0 0.999991728122
229.0 0.999991850668
230.0 0.999991973215
231.0 0.999992034488
232.0 0.999992218307
233.0 0.999992340854
234.0 0.9999924634
235.0 0.999992524673
236.0 0.999992585946
237.0 0.99999264722
239.0 0.999992708493
241.0 0.999992831039
243.0 0.999992892312
246.0 0.999992953586
248.0 0.999993137405
250.0 0.999993198678
251.0 0.999993259951
252.0 0.999993321225
253.0 0.999993382498
255.0 0.999993443771
256.0 0.999993505044
257.0 0.999993566317
258.0 0.99999362759
259.0 0.999993750137
260.0 0.99999381141
261.0 0.999993872683
263.0 0.999993933956
272.0 0.999994056503
274.0 0.999994117776
276.0 0.999994240322
277.0 0.999994301595
278.0 0.999994362868
282.0 0.999994485415
284.0 0.999994607961
286.0 0.999994669234
289.0 0.999994791781
290.0 0.999994853054
292.0 0.9999949756
293.0 0.999995036873
295.0 0.999995098146
304.0 0.99999515942
309.0 0.999995220693
310.0 0.999995281966
311.0 0.999995343239
315.0 0.999995404512
327.0 0.999995465785
329.0 0.999995527059
330.0 0.999995649605
331.0 0.999995710878
336.0 0.999995772151
344.0 0.999995833424
354.0 0.999995894698
355.0 0.999995955971
367.0 0.999996017244
373.0 0.999996078517
376.0 0.99999613979
381.0 0.999996201063
382.0 0.999996262337
384.0 0.999996384883
389.0 0.999996446156
391.0 0.999996507429
392.0 0.999996691249
396.0 0.999996813795
397.0 0.999996875068
399.0 0.999996936342
400.0 0.999996997615
401.0 0.999997058888
402.0 0.999997120161
405.0 0.999997181434
406.0 0.999997242707
413.0 0.999997365254
416.0 0.999997426527
417.0 0.9999974878
421.0 0.999997549073
429.0 0.99999767162
450.0 0.999997794166
454.0 0.999997855439
455.0 0.999997916712
457.0 0.999997977985
462.0 0.999998039259
473.0 0.999998100532
474.0 0.999998161805
478.0 0.999998284351
489.0 0.999998345624
495.0 0.999998468171
496.0 0.999998529444
498.0 0.99999865199
499.0 0.999998774537
509.0 0.99999883581
532.0 0.999998897083
533.0 0.999998958356
534.0 0.999999019629
535.0 0.999999080902
536.0 0.999999203449
540.0 0.999999264722
560.0 0.999999325995
572.0 0.999999387268
578.0 0.999999448541
580.0 0.999999509815
581.0 0.999999754907
601.0 0.999999877454
633.0 1.0
