0 0
0.0 0.74184621084
1.0 0.871452260511
2.0 0.890772487391
3.0 0.903318352656
4.0 0.941202756778
5.0 0.964708370044
6.0 0.985883703402
7.0 0.992125968813
8.0 0.994676709584
9.0 0.996157314451
10.0 0.996996879419
11.0 0.997447053395
12.0 0.997736875486
13.0 0.997937790209
14.0 0.998126572844
15.0 0.99828772128
16.0 0.998407632872
17.0 0.998502361192
18.0 0.998590165644
19.0 0.998678766647
20.0 0.998764120172
21.0 0.998831214293
22.0 0.998887156696
23.0 0.998939545256
24.0 0.998988686338
25.0 0.999035376493
26.0 0.999081208824
27.0 0.99912501914
28.0 0.999163437417
29.0 0.999198546944
30.0 0.999229980079
31.0 0.999260371572
32.0 0.999288250864
33.0 0.999313924322
34.0 0.999340026692
35.0 0.999363310496
36.0 0.999383346823
37.0 0.99940534389
38.0 0.999424706212
39.0 0.999444129807
40.0 0.999462266665
41.0 0.999477217318
42.0 0.999493515981
43.0 0.999507915176
44.0 0.999522314371
45.0 0.999536345927
46.0 0.99954878438
47.0 0.999560303736
48.0 0.999572742189
49.0 0.999582974809
50.0 0.999592655969
51.0 0.999601846945
52.0 0.999610486462
53.0 0.999618023062
54.0 0.999625682208
55.0 0.999635118276
56.0 0.999644309251
57.0 0.999653071315
58.0 0.999659504997
59.0 0.999665080856
60.0 0.999670043982
61.0 0.999674455651
62.0 0.999679480051
63.0 0.999684626997
64.0 0.999688916119
65.0 0.999692592509
66.0 0.999695962533
67.0 0.999699455104
68.0 0.999703192767
69.0 0.999706869157
70.0 0.999710423001
71.0 0.99971348666
72.0 0.999716856684
73.0 0.999719920342
74.0 0.999723780552
75.0 0.99972721185
76.0 0.999730030415
77.0 0.999732848981
78.0 0.999735116088
79.0 0.999738179747
80.0 0.999740508127
81.0 0.999743449239
82.0 0.999746329078
83.0 0.99974963783
84.0 0.999752333849
85.0 0.999754907322
86.0 0.999757235703
87.0 0.999759380264
88.0 0.999761095912
89.0 0.999763546839
90.0 0.999765997766
91.0 0.999768816332
92.0 0.999770838346
93.0 0.999772737814
94.0 0.999774943649
95.0 0.999777272029
96.0 0.999779906775
97.0 0.999781806244
98.0 0.999783950805
99.0 0.999786340458
100.0 0.999788423746
101.0 0.999790261941
102.0 0.999792590321
103.0 0.99979430597
104.0 0.999796573077
105.0 0.999798472546
106.0 0.999799881829
107.0 0.999801413658
108.0 0.999803129307
109.0 0.999804722409
110.0 0.999806070419
111.0 0.999807663521
112.0 0.999808888984
113.0 0.99981072718
114.0 0.999812197736
115.0 0.999813790838
116.0 0.999815077575
117.0 0.999816119218
118.0 0.99981807996
119.0 0.999819550516
120.0 0.999821511257
121.0 0.999822736721
122.0 0.999824329823
123.0 0.999825922926
124.0 0.999827638574
125.0 0.999828741491
126.0 0.999829844408
127.0 0.999831560057
128.0 0.999833030613
129.0 0.999834439896
130.0 0.999835604086
131.0 0.999836584457
132.0 0.999837871194
133.0 0.999839280477
134.0 0.999840444667
135.0 0.999841608857
136.0 0.999843140686
137.0 0.99984418233
138.0 0.99984553034
139.0 0.999847245989
140.0 0.999848593998
141.0 0.999849942008
142.0 0.99985153511
143.0 0.99985288312
144.0 0.999853802218
145.0 0.999854843862
146.0 0.999855824232
147.0 0.999857110969
148.0 0.999858275159
149.0 0.99985925553
150.0 0.999859684442
151.0 0.999860848632
152.0 0.99986176773
153.0 0.999863177013
154.0 0.999864341203
155.0 0.999865566666
156.0 0.999866240671
157.0 0.999866975949
158.0 0.999868814144
159.0 0.999869549422
160.0 0.999871081251
161.0 0.999872184169
162.0 0.999873103266
163.0 0.999874022364
164.0 0.999875186554
165.0 0.999875921832
166.0 0.999877208568
167.0 0.999878066393
168.0 0.999878924217
169.0 0.999879782042
170.0 0.999880456046
171.0 0.999881007505
172.0 0.999881987876
173.0 0.999882723154
174.0 0.999883703524
175.0 0.99988419371
176.0 0.999885235354
177.0 0.999885909358
178.0 0.999886460817
179.0 0.999887012276
180.0 0.999888176466
181.0 0.999889156836
182.0 0.999890014661
183.0 0.999890872485
184.0 0.999891607763
185.0 0.999892465588
186.0 0.999893445958
187.0 0.999894119963
188.0 0.999894977788
189.0 0.999895529246
190.0 0.999896264524
191.0 0.999896938529
192.0 0.999897551261
193.0 0.999898041446
194.0 0.999899021817
195.0 0.999899634548
196.0 0.999900186007
197.0 0.999901043831
198.0 0.99990159529
199.0 0.999902208022
200.0 0.999903004573
201.0 0.99990392367
202.0 0.999904720222
203.0 0.999905700592
204.0 0.99990661969
205.0 0.999907293695
206.0 0.999908457885
207.0 0.999909193163
208.0 0.999909928441
209.0 0.999910970085
210.0 0.999911705363
211.0 0.999912256821
212.0 0.999913053373
213.0 0.999913543558
214.0 0.999914401382
215.0 0.999914769021
216.0 0.999915810665
217.0 0.99991648467
218.0 0.999917158675
219.0 0.999917771407
220.0 0.999918139046
221.0 0.999919058143
222.0 0.999919793421
223.0 0.999920467426
224.0 0.999921141431
225.0 0.999921815436
226.0 0.999922305621
227.0 0.999922979626
228.0 0.999923592358
229.0 0.999924450182
230.0 0.99992518546
231.0 0.999925859465
232.0 0.999926717289
233.0 0.99992769766
234.0 0.999928065299
235.0 0.999928739304
236.0 0.999929413309
237.0 0.999930638772
238.0 0.999931128958
239.0 0.999931925509
240.0 0.99993253824
241.0 0.999933457338
242.0 0.99993388625
243.0 0.999934437709
244.0 0.999935295533
245.0 0.999935724445
246.0 0.999937011182
247.0 0.99993756264
248.0 0.999938665557
249.0 0.999939462109
250.0 0.99994007484
251.0 0.999940565026
252.0 0.999941913035
253.0 0.999942464494
254.0 0.999943261045
255.0 0.999944241416
256.0 0.999945221787
257.0 0.999946140884
258.0 0.999947427621
259.0 0.999948101625
260.0 0.999948714357
261.0 0.999949449635
262.0 0.999950246186
263.0 0.999951165284
264.0 0.999951900562
265.0 0.99995263584
266.0 0.999953493664
267.0 0.999954045123
268.0 0.999954657855
269.0 0.999955454406
270.0 0.999956189684
271.0 0.999956986235
272.0 0.999957598967
273.0 0.999958579337
274.0 0.999959375889
275.0 0.999959927347
276.0 0.999960785172
277.0 0.99996133663
278.0 0.999961888089
279.0 0.99996250082
280.0 0.999963174825
281.0 0.999963971376
282.0 0.999964461562
283.0 0.999965135567
284.0 0.999965809571
285.0 0.99996617721
286.0 0.999966606123
287.0 0.999967035035
288.0 0.999967770313
289.0 0.999968260498
290.0 0.99996887323
291.0 0.999969363415
292.0 0.999969914874
293.0 0.999970282513
294.0 0.999970895245
295.0 0.999971446703
296.0 0.999972120708
297.0 0.999972610893
298.0 0.999973039805
299.0 0.999973162352
300.0 0.999973468718
301.0 0.999974020176
302.0 0.999974571635
303.0 0.999974755454
304.0 0.999975184366
305.0 0.999975735825
306.0 0.999976103464
307.0 0.999976777469
308.0 0.9999773902
309.0 0.999977880386
310.0 0.999978186752
311.0 0.999978615664
312.0 0.99997892203
313.0 0.999979105849
314.0 0.999979718581
315.0 0.999980024947
316.0 0.999980453859
317.0 0.999980821498
318.0 0.999981066591
319.0 0.999981127864
320.0 0.99998143423
321.0 0.999981801869
322.0 0.999982292054
323.0 0.999982720966
324.0 0.999983027332
325.0 0.999983517517
326.0 0.999983823883
327.0 0.999984068976
328.0 0.999984252795
329.0 0.999984436615
330.0 0.999984804254
331.0 0.999985171893
332.0 0.999985294439
333.0 0.999985539532
334.0 0.999985662078
335.0 0.999986090991
336.0 0.999986213537
337.0 0.99998627481
339.0 0.999986519903
340.0 0.999986703722
341.0 0.999986826269
342.0 0.999986887542
343.0 0.999986948815
344.0 0.999987010088
346.0 0.999987377727
347.0 0.999987439
348.0 0.99998762282
349.0 0.999987684093
350.0 0.999987745366
351.0 0.999987929186
352.0 0.999988113005
353.0 0.999988358098
354.0 0.999988419371
355.0 0.999988480644
356.0 0.99998860319
358.0 0.99998878701
359.0 0.999988848283
360.0 0.999988909556
361.0 0.999988970829
364.0 0.999989032103
365.0 0.999989093376
366.0 0.999989154649
368.0 0.999989215922
369.0 0.999989338469
371.0 0.999989583561
372.0 0.999989644834
373.0 0.999989706108
375.0 0.999989889927
376.0 0.99999013502
378.0 0.999990318839
380.0 0.999990380112
381.0 0.999990625205
383.0 0.999990686478
385.0 0.999990809025
389.0 0.999990870298
390.0 0.999990992844
392.0 0.99999111539
394.0 0.999991176664
395.0 0.999991237937
396.0 0.999991421756
397.0 0.999991483029
398.0 0.999991544303
403.0 0.999991605576
404.0 0.999991666849
406.0 0.999991911942
407.0 0.999991973215
408.0 0.999992157034
411.0 0.999992218307
413.0 0.999992402127
414.0 0.9999924634
416.0 0.999992524673
419.0 0.999992585946
421.0 0.99999264722
423.0 0.999992708493
424.0 0.999992769766
427.0 0.999992831039
428.0 0.999992892312
430.0 0.999992953586
434.0 0.999993137405
436.0 0.999993259951
437.0 0.999993321225
438.0 0.999993382498
440.0 0.999993443771
443.0 0.999993505044
448.0 0.99999362759
450.0 0.999993688864
451.0 0.99999381141
452.0 0.999993872683
453.0 0.999993933956
454.0 0.999994179049
455.0 0.999994240322
456.0 0.999994301595
457.0 0.999994424142
460.0 0.999994485415
463.0 0.999994546688
465.0 0.999994607961
469.0 0.999994791781
470.0 0.999994914327
472.0 0.999995036873
474.0 0.999995098146
478.0 0.999995281966
479.0 0.999995404512
480.0 0.999995465785
485.0 0.999995527059
489.0 0.999995588332
492.0 0.999995649605
494.0 0.999995710878
495.0 0.999995833424
496.0 0.999995894698
498.0 0.999996078517
499.0 0.999996201063
502.0 0.999996262337
503.0 0.999996384883
504.0 0.999996446156
509.0 0.999996629976
510.0 0.999996752522
513.0 0.999996813795
516.0 0.999996875068
519.0 0.999996997615
520.0 0.999997120161
525.0 0.999997181434
528.0 0.999997242707
532.0 0.999997303981
534.0 0.999997426527
535.0 0.999997549073
536.0 0.999997610346
537.0 0.99999767162
538.0 0.999997732893
540.0 0.999997794166
542.0 0.999997855439
546.0 0.999997916712
552.0 0.999998039259
555.0 0.999998223078
557.0 0.999998284351
560.0 0.999998406898
565.0 0.999998468171
567.0 0.999998529444
568.0 0.999998590717
577.0 0.99999865199
578.0 0.999998774537
580.0 0.99999883581
581.0 0.999999080902
582.0 0.999999203449
586.0 0.999999264722
599.0 0.999999325995
602.0 0.999999509815
606.0 0.999999571088
614.0 0.999999632361
632.0 0.999999693634
633.0 0.99999981618
637.0 0.999999877454
651.0 0.999999938727
661.0 1.0
