0 0
0.0 0.646529484619
1.0 0.77586139813
2.0 0.840307476117
3.0 0.866011938342
4.0 0.897400344858
5.0 0.928704684585
6.0 0.951834386956
7.0 0.963656799909
8.0 0.972113355118
9.0 0.979432802849
10.0 0.984628890165
11.0 0.987718589734
12.0 0.989422535304
13.0 0.990647324688
14.0 0.991534682728
15.0 0.992188038534
16.0 0.992682635558
17.0 0.993081462618
18.0 0.993454309854
19.0 0.993804486017
20.0 0.99410264126
21.0 0.994330087265
22.0 0.994514519505
23.0 0.994665312775
24.0 0.994800481387
25.0 0.994918554784
26.0 0.995028907762
27.0 0.995127189926
28.0 0.995214871832
29.0 0.995298080796
30.0 0.995377735916
31.0 0.995448138788
32.0 0.995516826011
33.0 0.99558447159
34.0 0.995649911335
35.0 0.995719824021
36.0 0.995785325039
37.0 0.99584469874
38.0 0.995900824964
39.0 0.995954255167
40.0 0.99600805301
41.0 0.996060135204
42.0 0.99611031793
43.0 0.996163441768
44.0 0.996216136694
45.0 0.996264726317
46.0 0.996320791267
47.0 0.996375630754
48.0 0.996431511884
49.0 0.996486412644
50.0 0.996543335418
51.0 0.99660117729
52.0 0.996657671153
53.0 0.996711040083
54.0 0.996770229965
55.0 0.996825191998
56.0 0.996882176046
57.0 0.996937689537
58.0 0.996989649185
59.0 0.997040138276
60.0 0.997093200841
61.0 0.997147917781
62.0 0.99719816178
63.0 0.997249263604
64.0 0.997302816354
65.0 0.997352876533
66.0 0.997406184191
67.0 0.997459736941
68.0 0.997505814364
69.0 0.997556303456
70.0 0.997606057269
71.0 0.99765807819
72.0 0.997703910521
73.0 0.997749865398
74.0 0.997797413378
75.0 0.997842326611
76.0 0.997889261859
77.0 0.997934113819
78.0 0.997977188857
79.0 0.998022469729
80.0 0.99806695405
81.0 0.998111499644
82.0 0.998156474151
83.0 0.998195872799
84.0 0.998236435637
85.0 0.998276140651
86.0 0.998315661845
87.0 0.998353773756
88.0 0.998392682219
89.0 0.998427669199
90.0 0.998464310554
91.0 0.998501993553
92.0 0.998534590879
93.0 0.998566207835
94.0 0.998599050254
95.0 0.99863146376
96.0 0.998662100345
97.0 0.998688202715
98.0 0.998716388373
99.0 0.99874261329
100.0 0.998769941123
101.0 0.99879365384
102.0 0.9988184082
103.0 0.998843714019
104.0 0.998866201272
105.0 0.998888994891
106.0 0.998914790896
107.0 0.998934520856
108.0 0.998955966466
109.0 0.998975635153
110.0 0.998995794026
111.0 0.999015523986
112.0 0.999033722118
113.0 0.999049714415
114.0 0.999066687083
115.0 0.999084456302
116.0 0.999100509872
117.0 0.99911497034
118.0 0.999129430808
119.0 0.999144871647
120.0 0.999159087022
121.0 0.999172505847
122.0 0.999184331568
123.0 0.99919848567
124.0 0.999212149587
125.0 0.99922611987
126.0 0.999238987235
127.0 0.999251548235
128.0 0.999263557776
129.0 0.999277282966
130.0 0.999288924868
131.0 0.999301424595
132.0 0.999313556683
133.0 0.999325198585
134.0 0.999336289028
135.0 0.999347992204
136.0 0.999358347369
137.0 0.999369621633
138.0 0.999379057701
139.0 0.999387390852
140.0 0.999398297476
141.0 0.999407304632
142.0 0.99941906908
143.0 0.999430343344
144.0 0.999442169065
145.0 0.999452401685
146.0 0.999461347567
147.0 0.999469435626
148.0 0.999478810421
149.0 0.999486101928
150.0 0.999492964523
151.0 0.99949909184
152.0 0.999505709342
153.0 0.999512204298
154.0 0.999518944347
155.0 0.999524949117
156.0 0.9995313828
157.0 0.999537019932
158.0 0.999542044332
159.0 0.99954762019
160.0 0.999552215678
161.0 0.999557607717
162.0 0.999564163946
163.0 0.999568269248
164.0 0.999573109828
165.0 0.999577460223
166.0 0.999581504253
167.0 0.999585915921
168.0 0.999590021223
169.0 0.999594249072
170.0 0.999599641111
171.0 0.99960368514
172.0 0.999607422803
173.0 0.999611528106
174.0 0.999615204496
175.0 0.999619003432
176.0 0.999622373457
177.0 0.999625988574
178.0 0.999628990959
179.0 0.999632115891
180.0 0.99963481191
181.0 0.999637262837
182.0 0.999639775037
183.0 0.999642532329
184.0 0.999645963627
185.0 0.999648292007
186.0 0.999652029671
187.0 0.99965472569
188.0 0.99965723789
189.0 0.999659566271
190.0 0.99966226229
191.0 0.999665019583
192.0 0.999667409236
193.0 0.999669492524
194.0 0.999671759631
195.0 0.999673659099
196.0 0.999675742387
197.0 0.999677703129
198.0 0.999679786416
199.0 0.999681440792
200.0 0.99968352408
201.0 0.999685239729
202.0 0.999686955377
203.0 0.999689038665
204.0 0.999690754314
205.0 0.999692898875
206.0 0.999695165982
207.0 0.99969724927
208.0 0.999699026192
209.0 0.99970074184
210.0 0.999702886401
211.0 0.999704356957
212.0 0.999706317699
213.0 0.99970827844
214.0 0.999710300455
215.0 0.99971195483
216.0 0.999712996474
217.0 0.99971446703
218.0 0.999716243952
219.0 0.999717837055
220.0 0.999719185064
221.0 0.999721513445
222.0 0.999722922728
223.0 0.999724822196
224.0 0.999726476572
225.0 0.999727824581
226.0 0.999728866225
227.0 0.999730091689
228.0 0.999732113703
229.0 0.999733584259
230.0 0.999734687176
231.0 0.999735851366
232.0 0.999737260649
233.0 0.999738976298
234.0 0.99974093704
235.0 0.99974210123
236.0 0.999743878152
237.0 0.999744858522
238.0 0.999746206532
239.0 0.999747431996
240.0 0.999749208917
241.0 0.999750679473
242.0 0.999752088756
243.0 0.999753069127
244.0 0.99975466223
245.0 0.999755948966
246.0 0.999757358249
247.0 0.999758767532
248.0 0.999760421907
249.0 0.999762198829
250.0 0.999764159571
251.0 0.999765630127
252.0 0.999767345776
253.0 0.999769857976
254.0 0.999770654527
255.0 0.999772553995
256.0 0.999773718185
257.0 0.999774882375
258.0 0.9997757402
259.0 0.999776843117
260.0 0.999778374946
261.0 0.999779906775
262.0 0.999781438605
263.0 0.999783338073
264.0 0.999784563536
265.0 0.99978560518
266.0 0.999786891917
267.0 0.999787443375
268.0 0.999788546292
269.0 0.999789342843
270.0 0.999790261941
271.0 0.999790813399
272.0 0.99979197759
273.0 0.99979295796
274.0 0.999794367243
275.0 0.99979565398
276.0 0.999796389258
277.0 0.999797553448
278.0 0.999798472546
279.0 0.999799575463
280.0 0.999800188194
281.0 0.999801168565
282.0 0.999802210209
283.0 0.99980300676
284.0 0.99980417095
285.0 0.999805028775
286.0 0.999805580233
287.0 0.999806315511
288.0 0.999807050789
289.0 0.999808337526
290.0 0.99980919535
291.0 0.99981054336
292.0 0.999811278638
293.0 0.999811952643
294.0 0.99981305556
295.0 0.999813729565
296.0 0.999814342297
297.0 0.999815445214
298.0 0.999816180492
299.0 0.99981691577
300.0 0.999817651048
301.0 0.99981807996
302.0 0.999819121604
303.0 0.999819918155
304.0 0.999820714706
305.0 0.999821695077
306.0 0.999822123989
307.0 0.999822736721
308.0 0.999823349452
309.0 0.999823962184
310.0 0.999824942555
311.0 0.999825739106
312.0 0.999826413111
313.0 0.999827516028
314.0 0.999828557672
315.0 0.999829538043
316.0 0.999830273321
317.0 0.999831253691
318.0 0.999832234062
319.0 0.999833582072
320.0 0.99983431735
321.0 0.999835175174
322.0 0.999836094272
323.0 0.99983682955
324.0 0.999837687374
325.0 0.999838422652
326.0 0.999839280477
327.0 0.999840138301
328.0 0.999841241218
329.0 0.999841915223
330.0 0.999842895594
331.0 0.999844304876
332.0 0.999845407793
333.0 0.999846143072
334.0 0.999847307262
335.0 0.999848532725
336.0 0.999849574369
337.0 0.999850432193
338.0 0.999851351291
339.0 0.999852454208
340.0 0.999853189486
341.0 0.999853924764
342.0 0.999854905135
343.0 0.999855762959
344.0 0.999856804603
345.0 0.999858152613
346.0 0.99985907171
347.0 0.999860664813
348.0 0.999862257915
349.0 0.999863177013
350.0 0.999864402476
351.0 0.999865811759
352.0 0.999866669583
353.0 0.999868078866
354.0 0.999869243056
355.0 0.999870652339
356.0 0.999872551808
357.0 0.999873593451
358.0 0.999874757642
359.0 0.999876228198
360.0 0.999877331115
361.0 0.999878556578
362.0 0.999879720768
363.0 0.999880946232
364.0 0.999882232968
365.0 0.999883458432
366.0 0.999884867715
367.0 0.999886399544
368.0 0.999887625007
369.0 0.999888973017
370.0 0.999890627393
371.0 0.999892036675
372.0 0.999893507231
373.0 0.999894732695
374.0 0.999895590519
375.0 0.999896938529
376.0 0.999897980173
377.0 0.999899634548
378.0 0.999901043831
379.0 0.999902636934
380.0 0.999903617304
381.0 0.999904965314
382.0 0.999905945685
383.0 0.999907232421
384.0 0.999908274065
385.0 0.999909560802
386.0 0.999910602446
387.0 0.999911337724
388.0 0.99991262446
389.0 0.999913543558
390.0 0.999914707748
391.0 0.999916178304
392.0 0.999917036129
393.0 0.99991764886
394.0 0.999918506685
395.0 0.999919915968
396.0 0.999920651246
397.0 0.999921754163
398.0 0.999922611987
399.0 0.999923592358
400.0 0.999924695275
401.0 0.999925491826
402.0 0.99992653347
403.0 0.999927207475
404.0 0.999928187845
405.0 0.999929106943
406.0 0.999929719675
407.0 0.999930577499
408.0 0.999931251504
409.0 0.999931680416
410.0 0.999932783333
411.0 0.999933334792
412.0 0.999934560255
413.0 0.999935601899
414.0 0.999936520996
415.0 0.999937256274
416.0 0.999938236645
417.0 0.999938971923
418.0 0.99994007484
419.0 0.999940871391
420.0 0.999941790489
421.0 0.999942219401
422.0 0.999943015952
423.0 0.999944057596
424.0 0.999944670328
425.0 0.999945528152
426.0 0.99994626343
427.0 0.999947243801
428.0 0.999947856533
429.0 0.999949020723
430.0 0.999949510908
431.0 0.999950184913
432.0 0.999950920191
433.0 0.999951655469
434.0 0.999952513294
435.0 0.999953187299
436.0 0.999953677484
437.0 0.999954657855
438.0 0.999955822045
439.0 0.999956373503
440.0 0.999957047508
441.0 0.999957905333
442.0 0.999958456791
443.0 0.999959314615
444.0 0.999960356259
445.0 0.999961091537
446.0 0.999961765542
447.0 0.999962378274
448.0 0.999962929732
449.0 0.99996384883
450.0 0.999965135567
451.0 0.999965687025
452.0 0.999966544849
453.0 0.999967096308
454.0 0.999967892859
455.0 0.99996868941
456.0 0.999969179596
457.0 0.999969731054
458.0 0.999970895245
459.0 0.999971936888
460.0 0.999972855986
461.0 0.999973407444
462.0 0.999974142722
463.0 0.999974694181
464.0 0.999975306913
465.0 0.999975980918
466.0 0.999976287283
467.0 0.999976654922
468.0 0.999977267654
469.0 0.999978309298
470.0 0.999978799483
471.0 0.999979412215
472.0 0.999980024947
473.0 0.999980576405
474.0 0.999981127864
475.0 0.99998125041
476.0 0.999981618049
477.0 0.999981863142
478.0 0.9999824146
479.0 0.999982904786
480.0 0.999983272425
481.0 0.999983517517
482.0 0.999983885156
483.0 0.999984191522
484.0 0.999984559161
485.0 0.999984988073
486.0 0.999985294439
487.0 0.999985539532
488.0 0.999985784625
489.0 0.999985968444
490.0 0.99998645863
491.0 0.999986764995
492.0 0.999987071361
493.0 0.999987439
494.0 0.99998762282
495.0 0.999987990459
496.0 0.999988296825
497.0 0.999988480644
498.0 0.99998878701
499.0 0.999989277195
500.0 0.999989522288
501.0 0.999989644834
502.0 0.999989828654
503.0 0.999989889927
504.0 0.999990073747
505.0 0.99999013502
506.0 0.999990380112
507.0 0.999990502659
508.0 0.999990563932
509.0 0.999990747751
510.0 0.999990870298
511.0 0.999990931571
512.0 0.999991176664
513.0 0.999991237937
515.0 0.999991360483
517.0 0.999991421756
518.0 0.999991544303
519.0 0.999991666849
520.0 0.999991911942
522.0 0.999991973215
523.0 0.999992095761
524.0 0.999992218307
527.0 0.999992340854
528.0 0.999992402127
529.0 0.9999924634
530.0 0.999992524673
532.0 0.999992585946
533.0 0.999992708493
535.0 0.999992831039
536.0 0.999992953586
537.0 0.999993259951
539.0 0.999993321225
540.0 0.999993505044
541.0 0.999993566317
543.0 0.999993688864
544.0 0.99999381141
546.0 0.999993872683
547.0 0.999993995229
549.0 0.999994056503
550.0 0.999994117776
551.0 0.999994240322
552.0 0.999994301595
554.0 0.999994607961
555.0 0.999994669234
557.0 0.999994730507
558.0 0.999994791781
559.0 0.999994914327
560.0 0.9999949756
561.0 0.999995098146
562.0 0.99999515942
563.0 0.999995220693
564.0 0.999995281966
566.0 0.999995404512
567.0 0.999995527059
568.0 0.999995588332
569.0 0.999995649605
570.0 0.999995833424
573.0 0.999995955971
574.0 0.999996017244
575.0 0.999996078517
576.0 0.999996201063
578.0 0.999996446156
580.0 0.999996507429
581.0 0.999996691249
582.0 0.999996936342
583.0 0.999997058888
584.0 0.999997120161
585.0 0.999997242707
587.0 0.999997303981
588.0 0.999997365254
589.0 0.999997426527
592.0 0.999997549073
593.0 0.999997610346
594.0 0.999997794166
595.0 0.999997977985
596.0 0.999998039259
600.0 0.999998100532
602.0 0.999998284351
604.0 0.999998345624
606.0 0.999998406898
607.0 0.999998468171
609.0 0.999998590717
611.0 0.99999865199
612.0 0.999998713263
613.0 0.999998774537
614.0 0.99999883581
615.0 0.999998897083
620.0 0.999999080902
622.0 0.999999142176
624.0 0.999999264722
633.0 0.999999325995
634.0 0.999999448541
638.0 0.999999509815
643.0 0.999999754907
649.0 0.99999981618
651.0 0.999999877454
659.0 0.999999938727
661.0 1.0
