0 0
0.0 0.526015699289
1.0 0.664930368864
2.0 0.741478265457
3.0 0.77060838804
4.0 0.804999424951
5.0 0.844598497447
6.0 0.877444837757
7.0 0.906629983646
8.0 0.922701078169
9.0 0.933969275304
10.0 0.942723924483
11.0 0.951810245327
12.0 0.958428176541
13.0 0.96405427896
14.0 0.968610061655
15.0 0.972548088256
16.0 0.975443245512
17.0 0.977425248725
18.0 0.979060445798
19.0 0.980403431126
20.0 0.981653281236
21.0 0.98272997337
22.0 0.983514208666
23.0 0.984160456784
24.0 0.984674967588
25.0 0.985114786398
26.0 0.98551790258
27.0 0.985863789622
28.0 0.986168133454
29.0 0.986451644409
30.0 0.986720817443
31.0 0.986954145672
32.0 0.987170501234
33.0 0.987369639034
34.0 0.987550885069
35.0 0.987726677793
36.0 0.987888377687
37.0 0.98804058024
38.0 0.988190760778
39.0 0.988327645039
40.0 0.988467286592
41.0 0.988606499233
42.0 0.988736337079
43.0 0.988858638325
44.0 0.988983451771
45.0 0.989097542413
46.0 0.989209059581
47.0 0.989321495847
48.0 0.989434115933
49.0 0.989540241062
50.0 0.989644527997
51.0 0.989744219443
52.0 0.989840663412
53.0 0.989935698098
54.0 0.990027914218
55.0 0.990111981006
56.0 0.990198314902
57.0 0.990282688056
58.0 0.990364977923
59.0 0.99044224339
60.0 0.990522388695
61.0 0.990599960528
62.0 0.990675326526
63.0 0.990749528334
64.0 0.990824404148
65.0 0.990893642829
66.0 0.990965454984
67.0 0.991036348041
68.0 0.991105709268
69.0 0.991175621955
70.0 0.991242654802
71.0 0.991309994015
72.0 0.991376291585
73.0 0.991442405335
74.0 0.991508028899
75.0 0.99157610339
76.0 0.991642339687
77.0 0.991707411793
78.0 0.991775302464
79.0 0.991840497117
80.0 0.991905753042
81.0 0.991971989338
82.0 0.992035161976
83.0 0.992100234082
84.0 0.992166041466
85.0 0.992228907738
86.0 0.992292264195
87.0 0.99234900315
88.0 0.99240990868
89.0 0.992473081318
90.0 0.992530187912
91.0 0.992594953652
92.0 0.992658800295
93.0 0.992718296542
94.0 0.99277626096
95.0 0.992834960657
96.0 0.992896724012
97.0 0.992956097713
98.0 0.993013020487
99.0 0.993073252013
100.0 0.993130297334
101.0 0.993185872098
102.0 0.993243285058
103.0 0.993304006769
104.0 0.993358110978
105.0 0.993413992108
106.0 0.993467177219
107.0 0.993518279043
108.0 0.99356791031
109.0 0.993615642109
110.0 0.993666192474
111.0 0.993714414458
112.0 0.993762942808
113.0 0.993811042246
114.0 0.993856752031
115.0 0.993906138205
116.0 0.993954053824
117.0 0.993999947428
118.0 0.9940452283
119.0 0.994088487157
120.0 0.994129969093
121.0 0.994172737765
122.0 0.994217896091
123.0 0.994263605876
124.0 0.994304229987
125.0 0.99434565065
126.0 0.994388358049
127.0 0.994430207624
128.0 0.99447266993
129.0 0.994514213139
130.0 0.994554224518
131.0 0.994594971176
132.0 0.994632102717
133.0 0.994669601897
134.0 0.994707652535
135.0 0.994749011924
136.0 0.994788288026
137.0 0.994826951396
138.0 0.994862673654
139.0 0.994899192463
140.0 0.994936998008
141.0 0.994971372256
142.0 0.995006481782
143.0 0.995042694225
144.0 0.9950795194
145.0 0.995113832375
146.0 0.995149677179
147.0 0.995189566013
148.0 0.995225901002
149.0 0.995262113445
150.0 0.995300225357
151.0 0.995336682892
152.0 0.995372956609
153.0 0.99540739213
154.0 0.995442746749
155.0 0.99547699845
156.0 0.995510576147
157.0 0.995543786205
158.0 0.9955757708
159.0 0.995609471043
160.0 0.995642558554
161.0 0.995677974446
162.0 0.995708120846
163.0 0.995740840718
164.0 0.995773621864
165.0 0.995805851551
166.0 0.995835140126
167.0 0.995869391828
168.0 0.995901927881
169.0 0.995934463934
170.0 0.995963997601
171.0 0.995995369464
172.0 0.996026312415
173.0 0.996058051916
174.0 0.996089975238
175.0 0.996120611822
176.0 0.996151064588
177.0 0.996180169343
178.0 0.996207926089
179.0 0.996235866654
180.0 0.996265216502
181.0 0.99629223797
182.0 0.996321403999
183.0 0.99634946711
184.0 0.996378449319
185.0 0.996405654607
186.0 0.996432553528
187.0 0.99646159701
188.0 0.996489476303
189.0 0.996518335965
190.0 0.996546827989
191.0 0.996574462189
192.0 0.996602341481
193.0 0.996630036953
194.0 0.996658651523
195.0 0.996685734264
196.0 0.996711407722
197.0 0.996738919375
198.0 0.996766002116
199.0 0.996792655945
200.0 0.996821821974
201.0 0.996850681636
202.0 0.996880154031
203.0 0.996910668069
204.0 0.996937444444
205.0 0.996964282093
206.0 0.996993141755
207.0 0.997023165608
208.0 0.997050983627
209.0 0.997077208544
210.0 0.997103556007
211.0 0.997130209835
212.0 0.997157598942
213.0 0.997185110595
214.0 0.997212132063
215.0 0.997242094643
216.0 0.997269728842
217.0 0.997300365427
218.0 0.997328428539
219.0 0.997356859289
220.0 0.997381736196
221.0 0.997408144932
222.0 0.997434247302
223.0 0.997460962404
224.0 0.997488902969
225.0 0.997514024969
226.0 0.997539392061
227.0 0.997566474802
228.0 0.997589697333
229.0 0.997614696786
230.0 0.997640002605
231.0 0.997666227522
232.0 0.99769055297
233.0 0.997717390618
234.0 0.997744412086
235.0 0.997768369895
236.0 0.997790183144
237.0 0.997816530607
238.0 0.997840610962
239.0 0.997862853123
240.0 0.99788386982
241.0 0.997906173253
242.0 0.997929150692
243.0 0.997951699218
244.0 0.997973757559
245.0 0.997999002105
246.0 0.99802326628
247.0 0.998048572099
248.0 0.998072958821
249.0 0.998094098064
250.0 0.99811817842
251.0 0.998142381322
252.0 0.998165787672
253.0 0.998187907287
254.0 0.998210333267
255.0 0.998233862164
256.0 0.998255552866
257.0 0.998278285212
258.0 0.998300037187
259.0 0.99832117643
260.0 0.9983447666
261.0 0.998367131307
262.0 0.998389005829
263.0 0.998411493082
264.0 0.998434960706
265.0 0.998456835227
266.0 0.998479873939
267.0 0.998501319548
268.0 0.998522703884
269.0 0.998543169123
270.0 0.998562408898
271.0 0.998583731961
272.0 0.998604135927
273.0 0.998623253156
274.0 0.998640899828
275.0 0.99866026215
276.0 0.998677786276
277.0 0.998697516237
278.0 0.998714488905
279.0 0.998735321782
280.0 0.998751865538
281.0 0.998768470567
282.0 0.998783850133
283.0 0.998800332615
284.0 0.99881724401
285.0 0.998833910312
286.0 0.998848983512
287.0 0.998865465994
288.0 0.998879375004
289.0 0.998894203111
290.0 0.998910011589
291.0 0.998924594603
292.0 0.998937461969
293.0 0.998949655329
294.0 0.99896301288
295.0 0.998975512607
296.0 0.998990095621
297.0 0.999004310996
298.0 0.999016933269
299.0 0.999030045728
300.0 0.999042177815
301.0 0.999054126083
302.0 0.9990652778
303.0 0.999077409888
304.0 0.99909003216
305.0 0.999101919155
306.0 0.999112029228
307.0 0.999123732404
308.0 0.999136170857
309.0 0.999146771115
310.0 0.999157432647
311.0 0.999166562349
312.0 0.999177223881
313.0 0.999187027588
314.0 0.99919866949
315.0 0.999207309007
316.0 0.999216806348
317.0 0.999226426236
318.0 0.999235494665
319.0 0.999244563094
320.0 0.999253508977
321.0 0.999262148493
322.0 0.999270481644
323.0 0.999280285352
324.0 0.999288986142
325.0 0.999297135473
326.0 0.999306326449
327.0 0.999314169414
328.0 0.999322318746
329.0 0.999331632268
330.0 0.999339965419
331.0 0.999347318199
332.0 0.999355099892
333.0 0.999362575218
334.0 0.999370295638
335.0 0.999376300408
336.0 0.999383837008
337.0 0.999391128515
338.0 0.999398113656
339.0 0.999405282617
340.0 0.999412083939
341.0 0.999418333802
342.0 0.999424338573
343.0 0.99943163008
344.0 0.999438308856
345.0 0.999444803812
346.0 0.999450747309
347.0 0.99945656826
348.0 0.99946294067
349.0 0.999468577801
350.0 0.999474092387
351.0 0.999479729518
352.0 0.999485979381
353.0 0.999491493967
354.0 0.999497314918
355.0 0.999503135869
356.0 0.999508405361
357.0 0.999513307215
358.0 0.9995188218
359.0 0.999523417288
360.0 0.999528135322
361.0 0.999532975902
362.0 0.999537326297
363.0 0.999542350697
364.0 0.99954762019
365.0 0.99955264459
366.0 0.999557852809
367.0 0.999562632116
368.0 0.999566614872
369.0 0.999570352536
370.0 0.999575193116
371.0 0.999580278789
372.0 0.99958493555
373.0 0.999589408491
374.0 0.999595106896
375.0 0.999599273472
376.0 0.999603317501
377.0 0.999607177711
378.0 0.999610118823
379.0 0.999613672667
380.0 0.999617839242
381.0 0.999621331813
382.0 0.999625375842
383.0 0.999629603691
384.0 0.999632606076
385.0 0.999635669734
386.0 0.999638917212
387.0 0.99964216469
388.0 0.999644615617
389.0 0.999648046915
390.0 0.9996510493
391.0 0.999654664417
392.0 0.999657605529
393.0 0.999660853007
394.0 0.999662936295
395.0 0.999665754861
396.0 0.999669124885
397.0 0.999671575812
398.0 0.999674394378
399.0 0.999677396763
400.0 0.999680154055
401.0 0.999682972621
402.0 0.999685729914
403.0 0.999688058294
404.0 0.999691367045
405.0 0.999693940519
406.0 0.999696023806
407.0 0.999698474733
408.0 0.999701660938
409.0 0.999703499133
410.0 0.999704969689
411.0 0.999706562791
412.0 0.999708155894
413.0 0.999710606821
414.0 0.999712628835
415.0 0.999714712123
416.0 0.999716672864
417.0 0.999718572333
418.0 0.999720716894
419.0 0.999722677635
420.0 0.999724638376
421.0 0.999726599118
422.0 0.999729233864
423.0 0.999731133332
424.0 0.999732603889
425.0 0.999733951898
426.0 0.999735422454
427.0 0.99973707683
428.0 0.999738669932
429.0 0.999740875766
430.0 0.999743142874
431.0 0.999745103615
432.0 0.999747064356
433.0 0.999748473639
434.0 0.999750189288
435.0 0.999751843664
436.0 0.999753681859
437.0 0.999755458781
438.0 0.999756745517
439.0 0.999758706259
440.0 0.999760544454
441.0 0.999762443922
442.0 0.999764098298
443.0 0.999765630127
444.0 0.999767774688
445.0 0.999769857976
446.0 0.999771389805
447.0 0.999772553995
448.0 0.999773902005
449.0 0.999775372561
450.0 0.999777026936
451.0 0.999778374946
452.0 0.999779784229
453.0 0.999781132239
454.0 0.999782112609
455.0 0.999783828258
456.0 0.999785727726
457.0 0.99978695319
458.0 0.999788546292
459.0 0.99978946539
460.0 0.999791181039
461.0 0.999792406502
462.0 0.999793999604
463.0 0.999795899073
464.0 0.999797124536
465.0 0.999799085277
466.0 0.999800555833
467.0 0.999802148936
468.0 0.999803619492
469.0 0.999804783682
470.0 0.999805947872
471.0 0.999807173336
472.0 0.999808092433
473.0 0.99980937917
474.0 0.999810604633
475.0 0.999811768823
476.0 0.99981287174
477.0 0.999814464843
478.0 0.999815690306
479.0 0.999816670677
480.0 0.999817712321
481.0 0.999818876511
482.0 0.999819979428
483.0 0.999821572531
484.0 0.999823043087
485.0 0.999824329823
486.0 0.999825677833
487.0 0.999826658204
488.0 0.99982794494
489.0 0.999829170404
490.0 0.999830579686
491.0 0.999831743877
492.0 0.999832724247
493.0 0.999833459525
494.0 0.999834623716
495.0 0.999836032999
496.0 0.999837626101
497.0 0.999839096657
498.0 0.999840751033
499.0 0.999842527955
500.0 0.999844059784
501.0 0.999845285247
502.0 0.999846081798
503.0 0.999847429808
504.0 0.999849268003
505.0 0.99985037092
506.0 0.99985171893
507.0 0.999853189486
508.0 0.999854598769
509.0 0.999855885505
510.0 0.999857662427
511.0 0.999859500622
512.0 0.999861461364
513.0 0.99986293192
514.0 0.99986427993
515.0 0.999865934305
516.0 0.999867649954
517.0 0.999869549422
518.0 0.999870713612
519.0 0.999872490534
520.0 0.999874267456
521.0 0.999876166925
522.0 0.999877453661
523.0 0.999879536949
524.0 0.999880823685
525.0 0.999882600607
526.0 0.999884561349
527.0 0.999886583363
528.0 0.999888115193
529.0 0.999889830841
530.0 0.999891607763
531.0 0.999893752324
532.0 0.999895958158
533.0 0.999897673807
534.0 0.999899695822
535.0 0.999901166378
536.0 0.999902453114
537.0 0.999903984943
538.0 0.999905823139
539.0 0.999907661334
540.0 0.999909989714
541.0 0.999911276451
542.0 0.999913053373
543.0 0.99991513666
544.0 0.999917465041
545.0 0.999919058143
546.0 0.999920589972
547.0 0.999921570343
548.0 0.999923163446
549.0 0.999924572728
550.0 0.999926288377
551.0 0.999928065299
552.0 0.999929413309
553.0 0.999931251504
554.0 0.999932476967
555.0 0.99993388625
556.0 0.999935601899
557.0 0.999937072455
558.0 0.99993909447
559.0 0.999940013567
560.0 0.99994123903
561.0 0.999942525767
562.0 0.999943628684
563.0 0.999944854147
564.0 0.99994626343
565.0 0.999947366347
566.0 0.999949081996
567.0 0.999950858918
568.0 0.999952452021
569.0 0.999954106396
570.0 0.999955638225
571.0 0.999957170055
572.0 0.999958579337
573.0 0.999959866074
574.0 0.999960907718
575.0 0.999962133181
576.0 0.999963174825
577.0 0.999964277742
578.0 0.999966483576
579.0 0.999967892859
580.0 0.999968995776
581.0 0.999970588879
582.0 0.999971936888
583.0 0.999972794713
584.0 0.999974265269
585.0 0.99997506182
586.0 0.999976042191
587.0 0.999977083835
588.0 0.99997757402
589.0 0.999978186752
590.0 0.99997892203
591.0 0.999980270039
592.0 0.999981127864
593.0 0.999981924415
594.0 0.999983211152
595.0 0.99998511062
596.0 0.999986213537
597.0 0.999987010088
598.0 0.999987929186
599.0 0.999988725737
600.0 0.999989277195
601.0 0.999989706108
602.0 0.999990257566
603.0 0.999990686478
604.0 0.99999129921
605.0 0.999991666849
606.0 0.999991973215
607.0 0.999992034488
608.0 0.999992279581
609.0 0.99999264722
610.0 0.999992892312
611.0 0.999993198678
612.0 0.999993321225
613.0 0.999993443771
614.0 0.99999362759
615.0 0.999993750137
616.0 0.999993995229
617.0 0.999994179049
618.0 0.999994362868
619.0 0.999994607961
620.0 0.999994853054
622.0 0.999995036873
623.0 0.99999515942
624.0 0.999995404512
625.0 0.999995588332
626.0 0.999995894698
627.0 0.999996017244
628.0 0.999996262337
629.0 0.99999632361
630.0 0.999996507429
631.0 0.999996568703
632.0 0.999996691249
633.0 0.999996997615
634.0 0.999997058888
635.0 0.999997181434
636.0 0.999997610346
637.0 0.999997794166
639.0 0.999997916712
640.0 0.999998039259
641.0 0.999998284351
642.0 0.999998468171
643.0 0.999998774537
645.0 0.999998897083
646.0 0.999999019629
649.0 0.999999080902
650.0 0.999999142176
652.0 0.999999264722
653.0 0.999999387268
654.0 0.999999509815
655.0 0.999999571088
659.0 0.999999693634
662.0 0.999999754907
663.0 0.99999981618
665.0 0.999999938727
676.0 1.0
