0 0
0.0 0.450321154127
1.0 0.591766834512
2.0 0.67913324445
3.0 0.705670286502
4.0 0.740253659892
5.0 0.778298844811
6.0 0.802481465326
7.0 0.833099851921
8.0 0.859302281194
9.0 0.887006086938
10.0 0.901940931807
11.0 0.915127101693
12.0 0.924043083126
13.0 0.931183551928
14.0 0.936668235873
15.0 0.942251324527
16.0 0.94731009867
17.0 0.951146534356
18.0 0.954290705773
19.0 0.957371398187
20.0 0.960045481848
21.0 0.96221326531
22.0 0.963877996051
23.0 0.965265343154
24.0 0.966492828558
25.0 0.967553467121
26.0 0.968541558251
27.0 0.969412372536
28.0 0.970220443094
29.0 0.970971590879
30.0 0.971686403674
31.0 0.972336144363
32.0 0.972949978974
33.0 0.973524721304
34.0 0.974080714043
35.0 0.974579600189
36.0 0.975060533296
37.0 0.975512484194
38.0 0.975938577814
39.0 0.97633268684
40.0 0.976708413915
41.0 0.977071825083
42.0 0.977431069676
43.0 0.977773402873
44.0 0.978106300003
45.0 0.978424859211
46.0 0.978733124527
47.0 0.979027848472
48.0 0.979324533158
49.0 0.979616315991
50.0 0.979885305205
51.0 0.980146635273
52.0 0.980389338297
53.0 0.980630632038
54.0 0.980864940638
55.0 0.981089016619
56.0 0.981306107458
57.0 0.981507512366
58.0 0.981705608523
59.0 0.981900579748
60.0 0.982085073262
61.0 0.982260620892
62.0 0.982446768781
63.0 0.98262672808
64.0 0.98278971471
65.0 0.982932848834
66.0 0.983074757495
67.0 0.983205330619
68.0 0.983334862099
69.0 0.983462310291
70.0 0.983582466977
71.0 0.983705442228
72.0 0.983823821991
73.0 0.983937728813
74.0 0.984053228738
75.0 0.984167503199
76.0 0.98428177766
77.0 0.984392927189
78.0 0.984501441972
79.0 0.984602297609
80.0 0.984702724334
81.0 0.984806582356
82.0 0.984908295817
83.0 0.985013501849
84.0 0.985109884545
85.0 0.98520645106
86.0 0.98530467195
87.0 0.985398603719
88.0 0.985494006044
89.0 0.985589653462
90.0 0.985682298494
91.0 0.985770899497
92.0 0.985858642676
93.0 0.985943996201
94.0 0.986030513916
95.0 0.986119727651
96.0 0.986208328654
97.0 0.986291660164
98.0 0.986373030933
99.0 0.986450173853
100.0 0.986531912261
101.0 0.986613160484
102.0 0.986691835234
103.0 0.98677063253
104.0 0.986844344153
105.0 0.986922222351
106.0 0.986996424159
107.0 0.987070074509
108.0 0.987141028839
109.0 0.987210144974
110.0 0.987281528217
111.0 0.987351011991
112.0 0.987419760487
113.0 0.987486486968
114.0 0.987554193821
115.0 0.987620920302
116.0 0.987688382062
117.0 0.987752289977
118.0 0.987814666064
119.0 0.987880534721
120.0 0.987945116642
121.0 0.988009943655
122.0 0.988070420273
123.0 0.988132428721
124.0 0.988191250963
125.0 0.988251176123
126.0 0.988311407649
127.0 0.988372925911
128.0 0.988429848685
129.0 0.988487016552
130.0 0.988543510415
131.0 0.988597982262
132.0 0.988653985939
133.0 0.988713482187
134.0 0.988771324059
135.0 0.988827940467
136.0 0.98888192213
137.0 0.988940254187
138.0 0.988993806937
139.0 0.989045705311
140.0 0.989097848779
141.0 0.989147480046
142.0 0.989196804947
143.0 0.989250480244
144.0 0.989302868804
145.0 0.989356237734
146.0 0.989410158123
147.0 0.989461688859
148.0 0.989513587233
149.0 0.989564076325
150.0 0.989618180534
151.0 0.989669404903
152.0 0.989717749434
153.0 0.989769709082
154.0 0.9898251613
155.0 0.989875956758
156.0 0.98992607821
157.0 0.989978221677
158.0 0.990028588223
159.0 0.990078954768
160.0 0.990132017333
161.0 0.990182445151
162.0 0.990232750423
163.0 0.990284219886
164.0 0.990334402611
165.0 0.990383053508
166.0 0.990433113687
167.0 0.990484031691
168.0 0.9905356237
169.0 0.990587215709
170.0 0.990638930264
171.0 0.990687703706
172.0 0.990739418262
173.0 0.990790520085
174.0 0.990838925889
175.0 0.990887944424
176.0 0.990936105135
177.0 0.990988064783
178.0 0.991035428943
179.0 0.991085795488
180.0 0.991127767609
181.0 0.991173293574
182.0 0.991219677364
183.0 0.991267225343
184.0 0.991307604362
185.0 0.991354233244
186.0 0.991400433214
187.0 0.991448287559
188.0 0.991493323338
189.0 0.991539033123
190.0 0.991584313995
191.0 0.991627817945
192.0 0.991673711549
193.0 0.991720646797
194.0 0.991766724221
195.0 0.991813353103
196.0 0.991859430526
197.0 0.991900483549
198.0 0.991947970256
199.0 0.99199619224
200.0 0.992042576029
201.0 0.992089266185
202.0 0.992135037242
203.0 0.99217811228
204.0 0.992222780421
205.0 0.992269899488
206.0 0.992316405824
207.0 0.992364015076
208.0 0.992408805763
209.0 0.99245378027
210.0 0.992499183688
211.0 0.992541400902
212.0 0.992586436682
213.0 0.992631778827
214.0 0.992679081714
215.0 0.992723320942
216.0 0.992767927809
217.0 0.992813882687
218.0 0.992855058256
219.0 0.992897091651
220.0 0.99294329162
221.0 0.992985570107
222.0 0.99302833878
223.0 0.993069636896
224.0 0.993112283022
225.0 0.993154622782
226.0 0.99319634981
227.0 0.993240282673
228.0 0.993281090604
229.0 0.993326187656
230.0 0.993371284709
231.0 0.993409335347
232.0 0.993451368742
233.0 0.993492299219
234.0 0.993533413515
235.0 0.993575569456
236.0 0.993617480304
237.0 0.993657001498
238.0 0.993697257971
239.0 0.993738372267
240.0 0.99377593272
241.0 0.993815453914
242.0 0.993854239831
243.0 0.993891371371
244.0 0.993932853307
245.0 0.993969310843
246.0 0.994009138403
247.0 0.994049394875
248.0 0.994085607319
249.0 0.994125373605
250.0 0.994163424244
251.0 0.994200065599
252.0 0.994236768228
253.0 0.994273103217
254.0 0.994308641655
255.0 0.994346018289
256.0 0.994382108186
257.0 0.99441893336
258.0 0.994452511057
259.0 0.994487681856
260.0 0.994524200665
261.0 0.994560106743
262.0 0.994596074093
263.0 0.994632041444
264.0 0.994667824975
265.0 0.994702811954
266.0 0.994737124929
267.0 0.994773521192
268.0 0.994809856181
269.0 0.9948452108
270.0 0.99488001396
271.0 0.994912427467
272.0 0.994947904632
273.0 0.994981175963
274.0 0.995012547826
275.0 0.995045696611
276.0 0.99507853903
277.0 0.995111626541
278.0 0.995144652779
279.0 0.995179762305
280.0 0.995212175812
281.0 0.995242812397
282.0 0.99527786065
283.0 0.995310090337
284.0 0.995343484214
285.0 0.995373875706
286.0 0.995404941203
287.0 0.995435639061
288.0 0.99546462127
289.0 0.995491520192
290.0 0.995519276937
291.0 0.995548442966
292.0 0.995578528092
293.0 0.995605794653
294.0 0.995635389593
295.0 0.99566663891
296.0 0.995696785309
297.0 0.995724113143
298.0 0.995752788986
299.0 0.995780484459
300.0 0.9958075672
301.0 0.995835630311
302.0 0.995862713052
303.0 0.995888018871
304.0 0.995914243788
305.0 0.995941510348
306.0 0.995968102904
307.0 0.99599567583
308.0 0.996021839473
309.0 0.99604788057
310.0 0.996072696204
311.0 0.99610026913
312.0 0.996124839671
313.0 0.996151370953
314.0 0.996177963509
315.0 0.996205291343
316.0 0.996228575147
317.0 0.9962560868
318.0 0.996282434263
319.0 0.996308168994
320.0 0.996334639003
321.0 0.996360925193
322.0 0.996387272656
323.0 0.996412823568
324.0 0.99643917103
325.0 0.996466560137
326.0 0.996494378156
327.0 0.996520909438
328.0 0.996546889262
329.0 0.996573665637
330.0 0.996598787637
331.0 0.996625318919
332.0 0.996651176197
333.0 0.996677278567
334.0 0.99670362603
335.0 0.996727951478
336.0 0.996754053848
337.0 0.996780033672
338.0 0.996805523311
339.0 0.996831870773
340.0 0.99685674768
341.0 0.996882482411
342.0 0.996907481865
343.0 0.99693425824
344.0 0.996961034615
345.0 0.996988546268
346.0 0.99701372954
347.0 0.997038790267
348.0 0.99706495391
349.0 0.997090627368
350.0 0.997117281197
351.0 0.997142464469
352.0 0.997167280103
353.0 0.997192831015
354.0 0.997215685907
355.0 0.997240624087
356.0 0.997266113725
357.0 0.997290990632
358.0 0.997313784251
359.0 0.997339151343
360.0 0.997364334616
361.0 0.997387863513
362.0 0.997412617873
363.0 0.99743884279
364.0 0.99746494516
365.0 0.997491170077
366.0 0.997514147515
367.0 0.997538166598
368.0 0.99756334987
369.0 0.99758828805
370.0 0.997613593869
371.0 0.997638470776
372.0 0.997664756966
373.0 0.997689572599
374.0 0.997713224043
375.0 0.997737181852
376.0 0.997760036744
377.0 0.997783381822
378.0 0.997805991621
379.0 0.997829459245
380.0 0.997852314137
381.0 0.997876578313
382.0 0.997899249385
383.0 0.997922655736
384.0 0.997946490999
385.0 0.997968916979
386.0 0.997991833144
387.0 0.998009602363
388.0 0.9980309867
389.0 0.998053351406
390.0 0.998076512665
391.0 0.998097958274
392.0 0.998119894068
393.0 0.998140298034
394.0 0.998162601468
395.0 0.998185149994
396.0 0.998207269608
397.0 0.998230430866
398.0 0.9982527343
399.0 0.998274425002
400.0 0.998293419684
401.0 0.998315355479
402.0 0.998335943264
403.0 0.99835499922
404.0 0.998372952258
405.0 0.99839464296
406.0 0.998416333662
407.0 0.998437289086
408.0 0.998455058305
409.0 0.998473807895
410.0 0.998492312392
411.0 0.998512348719
412.0 0.998533426689
413.0 0.998552911557
414.0 0.998573315522
415.0 0.998592187659
416.0 0.998611672527
417.0 0.998631096121
418.0 0.998649416799
419.0 0.998667247291
420.0 0.998685874335
421.0 0.998702663183
422.0 0.998721290227
423.0 0.998738324168
424.0 0.99875615466
425.0 0.99877374006
426.0 0.998789732357
427.0 0.998805663381
428.0 0.99882459679
429.0 0.998839363624
430.0 0.998854681917
431.0 0.998871164399
432.0 0.998888259613
433.0 0.998905171008
434.0 0.998922327496
435.0 0.998938381066
436.0 0.998953821905
437.0 0.998970426934
438.0 0.998985255041
439.0 0.999001063518
440.0 0.999014666162
441.0 0.99902931045
442.0 0.999043158186
443.0 0.99905890539
444.0 0.999073120766
445.0 0.999085130307
446.0 0.999098058946
447.0 0.999112887053
448.0 0.999127286247
449.0 0.999141195257
450.0 0.99915381753
451.0 0.999165888344
452.0 0.999178204251
453.0 0.999190029973
454.0 0.999201365509
455.0 0.999216132343
456.0 0.999227345333
457.0 0.999238803416
458.0 0.999249219855
459.0 0.999260616664
460.0 0.999270726737
461.0 0.999278998615
462.0 0.999289353781
463.0 0.99929940258
464.0 0.999309819019
465.0 0.999319561453
466.0 0.999329487707
467.0 0.999340026692
468.0 0.999350504404
469.0 0.999360063018
470.0 0.999369682906
471.0 0.999378812608
472.0 0.999387023213
473.0 0.999395601457
474.0 0.99940436352
475.0 0.999411287388
476.0 0.999419436719
477.0 0.999426421861
478.0 0.999434081007
479.0 0.999442230338
480.0 0.999449521846
481.0 0.99945675208
482.0 0.99946392104
483.0 0.99946912926
484.0 0.999476053128
485.0 0.999483528455
486.0 0.999490881235
487.0 0.999499459479
488.0 0.99950644462
489.0 0.999513062122
490.0 0.999518637981
491.0 0.999524826571
492.0 0.999531444073
493.0 0.999537939029
494.0 0.999544495258
495.0 0.999550683848
496.0 0.999555708248
497.0 0.999561222834
498.0 0.999565818321
499.0 0.999571761819
500.0 0.999577153858
501.0 0.999581626799
502.0 0.999586957565
503.0 0.999591614326
504.0 0.999596699999
505.0 0.999601050394
506.0 0.999605462062
507.0 0.999609077179
508.0 0.99961373394
509.0 0.999618819613
510.0 0.999623108735
511.0 0.999626601305
512.0 0.999630829154
513.0 0.999635240822
514.0 0.999639591217
515.0 0.999643941612
516.0 0.999648230734
517.0 0.999652581129
518.0 0.999656257519
519.0 0.999660240275
520.0 0.999664161758
521.0 0.999668512153
522.0 0.999672004724
523.0 0.99967482329
524.0 0.999678806046
525.0 0.999681440792
526.0 0.999684320631
527.0 0.999687813202
528.0 0.999691183226
529.0 0.999695349801
530.0 0.999701415845
531.0 0.999709932816
532.0 0.999714834669
533.0 0.999719307611
534.0 0.999723841825
535.0 0.999729662776
536.0 0.999740569401
537.0 0.99974963783
538.0 0.999756071512
539.0 0.99976201501
540.0 0.999764894849
541.0 0.999768877605
542.0 0.999772308902
543.0 0.999775372561
544.0 0.999778129853
545.0 0.999780642053
546.0 0.999783338073
547.0 0.999786095365
548.0 0.999788056107
549.0 0.999789955575
550.0 0.999793203053
551.0 0.999794979975
552.0 0.999796756897
553.0 0.999799207824
554.0 0.99980184257
555.0 0.999803803311
556.0 0.999806070419
557.0 0.999807847341
558.0 0.999809746809
559.0 0.999811278638
560.0 0.999813361926
561.0 0.999815506487
562.0 0.999818141233
563.0 0.999820101974
564.0 0.999821633804
565.0 0.999823533272
566.0 0.99982561656
567.0 0.999827699847
568.0 0.999829415496
569.0 0.999831069872
570.0 0.999832785521
571.0 0.999834746262
572.0 0.99983682955
573.0 0.999838912838
574.0 0.999840812306
575.0 0.99984283432
576.0 0.999845285247
577.0 0.99984785872
578.0 0.999849880735
579.0 0.999852209115
580.0 0.999854537496
581.0 0.999857356062
582.0 0.999859684442
583.0 0.99986158391
584.0 0.999864034837
585.0 0.999866730856
586.0 0.99986912051
587.0 0.999871265071
588.0 0.999874390003
589.0 0.999876779656
590.0 0.999879782042
591.0 0.999882294241
592.0 0.999884745168
593.0 0.999887196095
594.0 0.999891240124
595.0 0.999897551261
596.0 0.999902453114
597.0 0.999906006958
598.0 0.999909683348
599.0 0.999913237192
600.0 0.999915871938
601.0 0.999918690504
602.0 0.999921141431
603.0 0.999923898724
604.0 0.99992634965
605.0 0.999929106943
606.0 0.999931864236
607.0 0.999934437709
608.0 0.999936766089
609.0 0.999939523382
610.0 0.999942403221
611.0 0.999944609055
612.0 0.999947182528
613.0 0.99994895945
614.0 0.999950981464
615.0 0.999953309845
616.0 0.999956067138
617.0 0.999957721513
618.0 0.999960417533
619.0 0.999962439547
620.0 0.999964767928
621.0 0.999966667396
622.0 0.999968505591
623.0 0.999970159966
624.0 0.999971691796
625.0 0.99997371381
626.0 0.99997524564
627.0 0.999976593649
628.0 0.999978002932
629.0 0.99998008622
630.0 0.999981618049
631.0 0.999983272425
632.0 0.999984681708
633.0 0.999985784625
634.0 0.999986703722
635.0 0.999987867912
636.0 0.99998860319
637.0 0.999989399742
638.0 0.999990012473
639.0 0.99999111539
640.0 0.999992034488
641.0 0.999992585946
642.0 0.99999362759
643.0 0.999994240322
644.0 0.999994853054
645.0 0.99999515942
646.0 0.999995465785
647.0 0.999996078517
648.0 0.999996507429
649.0 0.999996752522
650.0 0.999996936342
651.0 0.999997242707
652.0 0.999997426527
653.0 0.99999767162
654.0 0.999998161805
655.0 0.999998468171
656.0 0.999998590717
657.0 0.999998774537
658.0 0.999998897083
659.0 0.999999080902
660.0 0.999999264722
662.0 0.999999325995
664.0 0.999999448541
666.0 0.999999509815
671.0 0.999999571088
673.0 0.999999632361
674.0 0.999999693634
677.0 0.999999754907
681.0 0.99999981618
683.0 0.999999877454
688.0 1.0
