0 0
0.0 0.900102123992
1.0 0.924001478644
2.0 0.977291060484
3.0 0.994778177953
4.0 0.999448786568
5.0 0.999909376982
6.0 0.999960785172
7.0 0.999965809571
8.0 0.999968076679
9.0 0.999969853601
10.0 0.999975368186
11.0 0.999976900015
12.0 0.999977757839
13.0 0.999978676937
14.0 0.999979228396
15.0 0.999979718581
16.0 0.9999799024
17.0 0.999980208766
18.0 0.999980821498
19.0 0.999981618049
20.0 0.999982966059
21.0 0.999984007703
22.0 0.99998511062
23.0 0.999985416986
24.0 0.999985539532
25.0 0.999986029717
26.0 0.999986642449
27.0 0.999986887542
28.0 0.999987132634
30.0 0.999987684093
31.0 0.999987867912
32.0 0.999988051732
33.0 0.999988296825
34.0 0.999988664464
35.0 0.99998878701
36.0 0.999988970829
37.0 0.999989277195
40.0 0.999989399742
41.0 0.999989583561
42.0 0.999989706108
43.0 0.999989767381
44.0 0.999989828654
45.0 0.999989889927
46.0 0.999990012473
47.0 0.999990257566
48.0 0.999990318839
49.0 0.999990502659
50.0 0.999990870298
51.0 0.999990992844
52.0 0.999991237937
53.0 0.99999129921
54.0 0.999991421756
56.0 0.999991483029
58.0 0.999991666849
59.0 0.999991789395
61.0 0.999991973215
65.0 0.999992095761
66.0 0.999992218307
67.0 0.9999924634
68.0 0.999992708493
69.0 0.999993076132
70.0 0.999993259951
71.0 0.999993505044
72.0 0.99999362759
73.0 0.999993688864
76.0 0.99999381141
80.0 0.999993872683
81.0 0.999993995229
83.0 0.999994117776
84.0 0.999994179049
85.0 0.999994240322
86.0 0.999994424142
87.0 0.999994485415
88.0 0.999994730507
89.0 0.999994791781
91.0 0.999994853054
92.0 0.999994914327
94.0 0.999995036873
95.0 0.999995098146
96.0 0.999995220693
97.0 0.999995527059
98.0 0.999995710878
99.0 0.999995833424
100.0 0.999995955971
102.0 0.999996078517
103.0 0.999996262337
104.0 0.999996384883
105.0 0.999996568703
107.0 0.999996629976
108.0 0.999996691249
110.0 0.999996752522
117.0 0.999996813795
118.0 0.999996875068
119.0 0.999996936342
121.0 0.999996997615
122.0 0.999997058888
128.0 0.999997120161
131.0 0.999997181434
136.0 0.999997242707
139.0 0.999997303981
141.0 0.999997365254
146.0 0.999997426527
153.0 0.9999974878
162.0 0.999997549073
164.0 0.999997610346
165.0 0.999997732893
167.0 0.999997794166
174.0 0.999997855439
176.0 0.999997916712
182.0 0.999997977985
186.0 0.999998039259
187.0 0.999998100532
207.0 0.999998161805
211.0 0.999998223078
220.0 0.999998284351
235.0 0.999998345624
239.0 0.999998406898
248.0 0.99999865199
252.0 0.999998713263
266.0 0.999998774537
284.0 0.99999883581
286.0 0.999998897083
330.0 0.999998958356
333.0 0.999999019629
395.0 0.999999142176
405.0 0.999999203449
416.0 0.999999264722
454.0 0.999999325995
477.0 0.999999448541
495.0 0.999999509815
499.0 0.999999632361
509.0 0.999999693634
556.0 0.999999754907
578.0 0.99999981618
581.0 0.999999877454
632.0 1.0
