114 0.015773 0.169432 0.265939 0.499322 1.795107 6.0 15.0 20060425
411 0.017305 0.186759 0.26753 0.560464 1.9584 8.0 17.0 20070216
516 0.01729 0.190487 0.313926 0.642831 2.378442 11.0 22.0 20070601
621 0.014743 0.184142 0.282514 0.537902 1.676532 8.0 17.0 20070914
768 0.011183 0.174826 0.26364 0.516726 1.561663 8.0 20.0 20080208
831 0.019665 0.204053 0.281729 0.5835 1.773513 8.0 19.0 20080411
898 0.017788 0.198848 0.262309 0.471188 1.241994 5.0 19.0 20080617
985 0.016047 0.213195 0.312123 0.778539 1.962061 10.0 23.0 20080912
1059 0.016995 0.219736 0.325501 0.874034 1.842048 10.0 23.0 20081125
1129 0.014004 0.216164 0.306201 0.787909 1.799321 9.0 22.0 20090203
1173 0.015405 0.218991 0.318214 0.81453 1.810835 10.0 23.0 20090319
1242 0.018457 0.217525 0.319529 0.827344 1.979509 10.0 24.0 20090527
1303 0.015276 0.216398 0.305064 0.809445 1.565345 7.0 18.0 20090727
1352 0.017948 0.218051 0.312687 0.823768 2.0 10.0 24.0 20090914
1402 0.016514 0.221598 0.335696 0.87548 2.570784 11.0 26.0 20091103
1416 0.031937 0.199706 0.327548 0.726507 2.422067 11.0 25.0 20091117
1452 0.012156 0.205302 0.276523 0.611078 2.224638 10.0 24.0 20091223
1466 0.033477 0.204111 0.333808 0.718498 2.291674 10.0 24.0 20100106
1499 0.010956 0.206385 0.287358 0.551578 1.773192 8.0 20.0 20100208
1517 0.031884 0.200742 0.329775 0.681038 1.692186 8.0 20.0 20100226
1548 0.011321 0.204652 0.288436 0.547332 2.116892 9.0 22.0 20100329
1563 0.032349 0.206954 0.333941 0.681338 2.039693 9.0 22.0 20100413
1594 0.012614 0.205703 0.291359 0.537286 2.035663 9.0 22.0 20100514
1612 0.030577 0.20588 0.336575 0.681915 2.036814 8.0 22.0 20100601
1648 0.012513 0.20986 0.326829 0.580583 2.706376 9.0 22.0 20100707
1669 0.02951 0.204201 0.326092 0.682959 2.415244 8.0 20.0 20100728
1690 0.012662 0.210017 0.326181 0.616919 2.760104 8.0 20.0 20100818
1705 0.030639 0.204588 0.32611 0.681738 2.758808 8.0 20.0 20100902
1738 0.012133 0.21083 0.325597 0.591766 2.049483 8.0 20.0 20101005
1752 0.029237 0.206009 0.333082 0.678707 2.013631 7.0 19.0 20101019
1788 0.012062 0.21199 0.32604 0.632454 3.0 8.0 22.0 20101124
1803 0.03111 0.20845 0.336548 0.702429 3.0 8.0 22.0 20101209
1837 0.013294 0.213303 0.341132 0.681964 4.0 9.0 24.0 20110112
1852 0.032069 0.210959 0.340309 0.726512 4.0 9.0 24.0 20110127
1876 0.006634 0.210988 0.341293 0.682458 4.0 11.0 27.0 20110220
1892 0.030964 0.204991 0.370067 0.762169 4.0 11.0 29.0 20110308
1906 0.004184 0.21251 0.36258 0.687467 4.0 11.0 29.0 20110322
1921 0.00797 0.210385 0.360555 0.739026 5.0 11.0 26.0 20110406
1935 0.030333 0.185462 0.373277 0.757556 5.0 11.0 26.0 20110420
1965 0.01142 0.215207 0.409577 0.778445 5.0 11.0 29.0 20110520
1982 0.031064 0.214514 0.495574 0.825655 5.0 11.0 29.0 20110606
2032 0.011471 0.213801 0.335721 0.657812 5.0 13.0 35.0 20110726
2046 0.031114 0.213385 0.488137 0.825862 5.0 13.0 34.0 20110809
2081 0.011756 0.215553 0.342634 0.687817 5.0 11.0 33.0 20110913
2095 0.031014 0.212024 0.432142 0.783376 4.0 10.0 35.0 20110927
2110 0.015169 0.274932 0.378068 0.608356 4.0 11.0 38.0 20111012
2131 0.011082 0.215808 0.341201 0.633971 4.0 11.0 39.0 20111102
2145 0.031477 0.216961 0.508565 0.817336 4.0 11.0 45.0 20111116
2164 0.013962 0.239412 0.3723 0.626447 4.0 12.0 42.0 20111205
2204 0.031229 0.222246 0.540208 0.845122 4.0 12.0 52.0 20120114
2222 0.014614 0.261031 0.37312 0.647213 5.0 12.0 61.0 20120201
2236 0.011497 0.213572 0.378103 0.750365 4.0 13.0 61.0 20120215
2259 0.011962 0.216481 0.368401 0.738641 5.0 13.0 69.0 20120309
2279 0.032438 0.219136 0.506151 0.807881 5.0 13.0 75.0 20120329
2294 0.014347 0.274692 0.378852 0.634492 5.0 13.0 78.0 20120413
2308 0.011775 0.213398 0.359452 0.68258 5.0 13.0 82.0 20120427
2324 0.032931 0.221621 0.618226 1.182395 5.0 13.0 73.0 20120513
2340 0.014739 0.269882 0.371284 0.628451 5.0 13.0 71.0 20120529
2357 0.012821 0.212708 0.346934 0.641112 4.0 13.0 86.0 20120615
2371 0.033225 0.21817 0.487411 0.801713 5.0 14.0 86.0 20120629
2389 0.015698 0.251355 0.367314 0.634182 5.0 13.0 88.0 20120717
2405 0.012224 0.214134 0.351222 0.678877 5.0 14.0 102.0 20120802
2420 0.033131 0.223236 0.496942 0.805757 5.0 15.0 112.0 20120817
2436 0.013586 0.248835 0.361229 0.624659 5.0 14.0 107.0 20120902
2460 0.012498 0.216105 0.372684 0.731376 5.0 15.0 120.0 20120926
2491 0.013651 0.229637 0.357591 0.622715 5.0 15.0 114.0 20121027
2511 0.011845 0.210818 0.344891 0.646987 5.0 14.0 100.0 20121116
2526 0.033588 0.223652 0.4808 0.808699 5.0 14.0 96.0 20121201
2542 0.014477 0.22482 0.3533 0.616318 5.0 15.0 97.0 20121217
2558 0.011352 0.210752 0.344482 0.67125 5.0 14.0 103.0 20130102
2572 0.033438 0.220972 0.506829 0.844582 5.0 14.0 102.0 20130116
2588 0.014618 0.221552 0.351011 0.598536 5.0 15.0 105.0 20130201
2609 0.010889 0.20391 0.341351 0.669318 5.0 15.0 133.0 20130222
2626 0.03333 0.221877 0.475839 0.813646 5.0 16.0 145.0 20130311
2641 0.014816 0.222963 0.360067 0.619367 5.0 16.0 136.0 20130326
2676 0.00835 0.201528 0.445555 0.739801 5.0 17.0 148.0 20130430
2700 0.038472 0.573469 1.373682 1.744556 5.340095 18.0 143.0 20130524
2725 0.014926 1.034581 1.912317 2.61109 7.0 18.0 160.0 20130618
2760 0.003881 0.191681 0.364018 0.701645 5.0 17.0 128.0 20130723
2774 0.030191 0.189921 0.290992 0.586568 5.0 17.0 138.0 20130806
2788 0.013381 0.416223 1.525653 4.0 8.0 21.0 143.0 20130820
2816 0.007366 0.192447 0.355472 0.774766 5.0 22.0 169.0 20130917
2831 0.030463 0.194639 0.299474 0.664036 5.0 20.0 160.0 20131002
2846 0.014251 0.614403 3.0 7.0 11.0 26.0 157.0 20131017
2887 0.007146 0.190901 0.339637 0.841237 5.0 25.0 172.0 20131127
2902 0.031153 0.190527 0.32036 0.714923 5.0 23.0 166.0 20131212
2943 0.003727 0.18858 0.368386 0.70932 5.0 23.0 169.0 20140122
2965 0.031168 0.186858 0.336218 0.565542 5.0 23.0 165.0 20140213
2981 0.013837 0.282593 0.921491 1.548649 7.0 28.0 175.0 20140301
3021 0.003242 0.193595 0.374814 0.621394 5.0 26.0 174.0 20140410
3036 0.031469 0.18603 0.330488 0.485587 5.0 26.0 164.0 20140425
3091 0.009134 0.190805 0.330175 0.63837 5.0 29.0 162.0 20140619
3110 0.030184 0.18632 0.302624 0.481113 5.0 28.0 157.0 20140708
3162 0.007956 0.191129 0.330425 0.648272 5.0 35.0 171.0 20140829
3182 0.029612 0.185598 0.324787 0.538075 5.0 35.0 169.0 20140918
3230 0.007977 0.191455 0.343771 0.654231 5.0 36.0 170.0 20141105
3246 0.029415 0.184606 0.32326 0.490593 5.0 36.0 164.0 20141121
3265 0.046977 9.0 38.0 68.0 113.0 246.0 423.0 20141210
3303 0.008704 0.194565 0.376173 0.633315 5.0 40.0 148.0 20150117
3323 0.029655 0.183151 0.295169 0.459875 5.0 40.0 148.0 20150206
