0.0 0.860748498296
0.663 0.860748498296
1.326 0.89232211443
1.989 0.89232211443
2.652 0.913606164393
3.315 0.938635202296
3.978 0.938635202296
4.641 0.973723396596
5.304 0.995603762246
5.967 0.995603762246
6.63 0.998733439712
7.293 0.999381674481
7.956 0.999381674481
8.619 0.999499864263
9.282 0.999554617488
9.945 0.999554617488
10.608 0.99960587326
11.271 0.999644887948
11.934 0.999644887948
12.597 0.999668646506
13.26 0.999684626247
13.923 0.999684626247
14.586 0.999698555757
15.249 0.999710193832
15.912 0.999710193832
16.575 0.999718756561
17.238 0.999728404707
17.901 0.999728404707
18.564 0.999733711187
19.227 0.99973919857
19.89 0.99973919857
20.553 0.999744082943
21.216 0.999748123104
21.879 0.999748123104
22.542 0.999752223566
23.205 0.999755962222
23.868 0.999755962222
24.531 0.999760303888
25.194 0.999764645553
25.857 0.999764645553
26.52 0.999768866617
27.183 0.999772243468
27.846 0.999772243468
28.509 0.999775137911
29.172 0.999777851452
29.835 0.999777851452
30.498 0.999780685595
31.161 0.999783338835
31.824 0.999783338835
32.487 0.99978569057
33.15 0.999787559898
33.813 0.999787559898
34.476 0.99978967043
35.139 0.999792082467
35.802 0.999792082467
36.465 0.999794373901
37.128 0.999797328646
37.791 0.999797328646
38.454 0.999799921585
39.117 0.999802152718
39.78 0.999802152718
40.443 0.99980426325
41.106 0.999806856189
41.769 0.999806856189
42.432 0.999809207925
43.095 0.999811137554
43.758 0.999811137554
44.421 0.999812343572
45.084 0.999814031997
45.747 0.999814031997
46.41 0.999815177715
47.073 0.999817167645
47.736 0.999817167645
48.399 0.999818554566
49.062 0.999820966602
49.725 0.999820966602
50.388 0.99982283593
51.051 0.999824102249
51.714 0.999824102249
52.377 0.999826031878
53.04 0.999827358498
53.703 0.999827358498
54.366 0.999828504215
55.029 0.999829167525
55.692 0.999829167525
56.355 0.999830675048
57.018 0.999831639863
57.681 0.999831639863
58.344 0.999833147385
59.007 0.999834232802
59.67 0.999834232802
60.333 0.99983543882
60.996 0.99983543882
61.659 0.999836283033
62.322 0.999837127245
62.985 0.999837127245
63.648 0.999838212662
64.311 0.999838936273
64.974 0.999838936273
65.637 0.999839720184
66.3 0.999841107105
66.963 0.999841107105
67.626 0.99984207192
68.289 0.999843338239
68.952 0.999843338239
69.615 0.999844122151
70.278 0.999845328169
70.941 0.999845328169
71.604 0.999846112081
72.267 0.999846895993
72.93 0.999846895993
73.593 0.999847679904
74.256 0.99984870502
74.919 0.99984870502
75.582 0.999850091941
76.245 0.999850936154
76.908 0.999850936154
77.571 0.999851900968
78.234 0.999852564278
78.897 0.999852564278
79.56 0.999853106986
80.223 0.999853890898
80.886 0.999853890898
81.549 0.999854614509
82.212 0.999857569253
82.875 0.999857569253
83.538 0.999864142053
84.201 0.999864865663
84.864 0.999864865663
85.527 0.999866011381
86.19 0.999866855593
86.853 0.999866855593
87.516 0.999867157098
88.179 0.999867880709
88.842 0.999867880709
89.505 0.999868664621
90.168 0.999869327931
90.831 0.999869327931
91.494 0.999869810338
92.157 0.999870413347
92.82 0.999870413347
93.483 0.999871317861
94.146 0.999871619365
94.809 0.999871619365
95.472 0.999872282675
96.135 0.999872945985
96.798 0.999872945985
97.461 0.999873368092
98.124 0.999873850499
98.787 0.999873850499
99.45 0.999874393207
100.113 0.999875056517
100.776 0.999875056517
101.439 0.999875418322
102.102 0.999875659526
102.765 0.999875659526
103.428 0.999876443438
104.091 0.999877046447
104.754 0.999877046447
105.417 0.999877649456
106.08 0.999878011262
106.743 0.999878011262
107.406 0.999878312766
108.069 0.999878674572
108.732 0.999878674572
109.395 0.999878915775
110.058 0.999879398182
110.721 0.999879398182
111.384 0.999879759988
112.047 0.999880061492
112.71 0.999880061492
113.373 0.999880604201
114.036 0.999880905705
114.699 0.999880905705
115.362 0.99988120721
116.025 0.999881749918
116.688 0.999881749918
117.351 0.999882232325
118.014 0.999882775033
118.677 0.999882775033
119.34 0.999883317742
120.003 0.999883558945
120.666 0.999883558945
121.329 0.999883739848
121.992 0.999883739848
122.655 0.999883981052
123.318 0.999884342857
123.981 0.999884342857
124.644 0.999885307672
125.307 0.999885729778
125.97 0.999885729778
126.633 0.999886091583
127.296 0.999886453389
127.959 0.999886453389
128.622 0.999886754893
129.285 0.999887056398
129.948 0.999887056398
130.611 0.999887297602
131.274 0.999887418203
131.937 0.999887418203
132.6 0.999887599106
133.263 0.99988784031
133.926 0.99988784031
134.589 0.999888141814
135.252 0.999888684522
135.915 0.999888684522
136.578 0.999889046328
137.241 0.999889408133
137.904 0.999889408133
138.567 0.999889649337
139.23 0.999890011142
139.893 0.999890011142
140.556 0.999890433249
141.219 0.999890734753
141.882 0.999890734753
142.545 0.99989115686
143.208 0.999891518665
143.871 0.999891518665
144.534 0.999891880471
145.197 0.999892423179
145.86 0.999892423179
146.523 0.999892543781
147.186 0.999893026188
147.849 0.999893026188
148.512 0.999893508595
149.175 0.999893689498
149.838 0.999893689498
150.501 0.999893870401
151.164 0.999894232206
151.827 0.999894232206
152.49 0.999894413109
153.153 0.999894774914
153.816 0.999894774914
154.479 0.999894835215
155.142 0.999895257321
155.805 0.999895257321
156.468 0.999895558826
157.131 0.999895920631
157.794 0.999895920631
158.457 0.999896041233
159.12 0.999896101534
159.783 0.999896101534
160.446 0.999896523641
161.109 0.999897066349
161.772 0.999897066349
162.435 0.999897307552
163.098 0.999897609057
163.761 0.999897609057
164.424 0.999897970862
165.087 0.999906171786
165.75 0.999906171786
166.413 0.999913950603
167.076 0.999914252108
167.739 0.999914252108
168.402 0.999914613913
169.065 0.999915397825
169.728 0.999915397825
170.391 0.999915518427
171.054 0.999916061135
171.717 0.999916061135
172.38 0.999916302339
173.043 0.99991636264
173.706 0.99991636264
174.369 0.999916603843
175.032 0.999916603843
175.695 0.999916603843
176.358 0.999917146551
177.021 0.999917206852
177.684 0.999917206852
178.347 0.999917327454
179.01 0.999917387755
179.673 0.999917387755
180.336 0.99991768926
180.999 0.99991768926
181.662 0.999917809861
182.325 0.999918111366
182.988 0.999918111366
183.651 0.999918231968
184.314 0.999918593773
184.977 0.999918593773
185.64 0.999918834977
186.303 0.999919257083
186.966 0.999919257083
187.629 0.999919437986
188.292 0.999919498287
188.955 0.999919498287
189.618 0.999919618889
190.281 0.999919980694
190.944 0.999919980694
191.607 0.999920040995
192.27 0.999920161597
192.933 0.999920161597
193.596 0.999920161597
194.259 0.9999203425
194.922 0.9999203425
195.585 0.999920463101
196.248 0.999920644004
196.911 0.999920644004
197.574 0.999920824907
198.237 0.99992100581
198.9 0.99992100581
199.563 0.99992106611
200.226 0.999921307314
200.889 0.999921307314
201.552 0.999921488217
202.215 0.99992166912
202.878 0.99992166912
203.541 0.99992172942
204.204 0.999921850022
204.867 0.999921850022
205.53 0.999921970624
206.193 0.999922513332
206.856 0.999922513332
207.519 0.999924081156
208.182 0.999924322359
208.845 0.999924322359
209.508 0.999924563563
210.171 0.999924985669
210.834 0.999924985669
211.497 0.99992504597
212.16 0.999925106271
212.823 0.999925106271
213.486 0.999925226873
214.149 0.999925468077
214.812 0.999925468077
215.475 0.999925528378
216.138 0.999925528378
216.801 0.999925528378
217.464 0.999925769581
218.127 0.999925829882
218.79 0.999925829882
219.453 0.999925950484
220.116 0.999926071086
220.779 0.999926071086
221.442 0.999926191688
222.105 0.999926251989
222.768 0.999926251989
223.431 0.99992637259
224.094 0.999926432891
224.757 0.999926432891
225.42 0.999926493192
226.083 0.999926553493
226.746 0.999926553493
227.409 0.999927216803
228.072 0.999927337405
228.735 0.999927337405
229.398 0.999927458007
230.061 0.999927638909
230.724 0.999927638909
231.387 0.999927819812
232.05 0.999928000715
232.713 0.999928000715
233.376 0.99992836252
234.039 0.999928483122
234.702 0.999928483122
235.365 0.999928724326
236.028 0.999928784627
236.691 0.999928784627
237.354 0.999928965529
238.017 0.999929086131
238.68 0.999929086131
239.343 0.999929146432
240.006 0.999929146432
240.669 0.999929146432
241.332 0.999929267034
241.995 0.999929267034
242.658 0.999929267034
243.321 0.999929447937
243.984 0.999929447937
244.647 0.999929447937
245.31 0.999929568539
245.973 0.999929568539
246.636 0.99992968914
247.299 0.999930533353
247.962 0.999930533353
248.625 0.999934211709
249.288 0.999934272009
249.951 0.999934272009
250.614 0.99993433231
251.277 0.999935116222
251.94 0.999935116222
252.603 0.999935236824
253.266 0.999935357426
253.929 0.999935357426
254.592 0.999935417727
255.255 0.999935478028
255.918 0.999935478028
256.581 0.999935779532
257.244 0.999936442842
257.907 0.999936442842
258.57 0.999936744347
259.233 0.999937045851
259.896 0.999937045851
260.559 0.999937287055
261.222 0.999937407657
261.885 0.999937407657
262.548 0.999937407657
263.211 0.999937467958
263.874 0.999937467958
264.537 0.999937528259
265.2 0.999937528259
265.863 0.999937528259
266.526 0.999937528259
267.189 0.999937528259
267.852 0.999937528259
268.515 0.999937709161
269.178 0.999937950365
269.841 0.999937950365
270.504 0.999938070967
271.167 0.999938070967
271.83 0.999938070967
272.493 0.999938251869
273.156 0.99993831217
273.819 0.99993831217
274.482 0.999938432772
275.145 0.999938493073
275.808 0.999938493073
276.471 0.999938673976
277.134 0.999938794578
277.797 0.999938794578
278.46 0.999939096082
279.123 0.999939216684
279.786 0.999939216684
280.449 0.999939276985
281.112 0.999939276985
281.775 0.999939276985
282.438 0.999939397587
283.101 0.999939397587
283.764 0.999939397587
284.427 0.999939578489
285.09 0.999939578489
285.753 0.999939578489
286.416 0.99993963879
287.079 0.99993963879
287.742 0.99993963879
288.405 0.999939759392
289.068 0.999940181498
289.731 0.999940181498
290.394 0.999940362401
291.057 0.999940362401
291.72 0.999940362401
292.383 0.999940784508
293.046 0.999941025711
293.709 0.999941025711
294.372 0.999941025711
295.035 0.999941086012
295.698 0.999941086012
296.361 0.999941086012
297.024 0.999941206614
297.687 0.999941206614
298.35 0.999941206614
299.013 0.999941327216
299.676 0.999941327216
300.339 0.999941568419
301.002 0.999941568419
301.665 0.999941568419
302.328 0.999941568419
302.991 0.999941568419
303.654 0.99994162872
304.317 0.999941809623
304.98 0.999941809623
305.643 0.999941930225
306.306 0.999941990526
306.969 0.999941990526
307.632 0.999942050827
308.295 0.999942050827
308.958 0.999942050827
309.621 0.99994229203
310.284 0.999942653836
310.947 0.999942653836
311.61 0.999942774438
312.273 0.999942895039
312.936 0.999942895039
313.599 0.999943136243
314.262 0.999943136243
314.925 0.999943136243
315.588 0.999943317146
316.251 0.999943317146
316.914 0.999943317146
317.577 0.999943317146
318.24 0.999943437748
318.903 0.999943437748
319.566 0.999943498048
320.229 0.99994361865
320.892 0.99994361865
321.555 0.99994361865
322.218 0.99994361865
322.881 0.99994361865
323.544 0.99994361865
324.207 0.999943678951
324.87 0.999943678951
325.533 0.999943739252
326.196 0.999943739252
326.859 0.999943739252
327.522 0.999943799553
328.185 0.999943799553
328.848 0.999943799553
329.511 0.999944040757
330.174 0.999947116103
330.837 0.999947116103
331.5 0.999949347237
332.163 0.999949407538
332.826 0.999949407538
333.489 0.999951397468
334.152 0.999955920036
334.815 0.999955920036
335.478 0.999956040638
336.141 0.999956161239
336.804 0.999956161239
337.467 0.999956281841
338.13 0.999956281841
338.793 0.999956281841
339.456 0.999956281841
340.119 0.999956462744
340.782 0.999956462744
341.445 0.999956643647
342.108 0.999956703948
342.771 0.999956703948
343.434 0.999956703948
344.097 0.999956824549
344.76 0.999956824549
345.423 0.999956824549
346.086 0.999956945151
346.749 0.999956945151
347.412 0.999957065753
348.075 0.999957065753
348.738 0.999957065753
349.401 0.999957065753
350.064 0.999957246656
350.727 0.999957246656
351.39 0.999957487859
352.053 0.999957487859
352.716 0.999957487859
353.379 0.999957608461
354.042 0.999958030567
354.705 0.999958030567
355.368 0.999958151169
356.031 0.999958271771
356.694 0.999958271771
357.357 0.999958995382
358.02 0.999959417488
358.683 0.999959417488
359.346 0.999959779294
360.009 0.999959839595
360.672 0.999959839595
361.335 0.999960080798
361.998 0.999960080798
362.661 0.999960623507
363.324 0.999961226516
363.987 0.999961226516
364.65 0.999961889826
365.313 0.999962251631
365.976 0.999962251631
366.639 0.999962251631
367.302 0.999962372233
367.965 0.999962372233
368.628 0.999962372233
369.291 0.999962372233
369.954 0.999962372233
370.617 0.999962372233
371.28 0.999962432534
371.943 0.999962432534
372.606 0.999962734038
373.269 0.999962794339
373.932 0.999962794339
374.595 0.999962914941
375.258 0.999962975242
375.921 0.999962975242
376.584 0.999963156145
377.247 0.999963156145
377.91 0.999963156145
378.573 0.999963156145
379.236 0.999963156145
379.899 0.999963156145
380.562 0.999963216446
381.225 0.999963337047
381.888 0.999963337047
382.551 0.999963457649
383.214 0.99996351795
383.877 0.99996351795
384.54 0.999963698853
385.203 0.999963879756
385.866 0.999963879756
386.529 0.999964000357
387.192 0.999964000357
387.855 0.999964000357
388.518 0.999964120959
389.181 0.99996418126
389.844 0.99996418126
390.507 0.99996418126
391.17 0.999964241561
391.833 0.999964241561
392.496 0.999964482765
393.159 0.999964603367
393.822 0.999964603367
394.485 0.999964603367
395.148 0.999964663667
395.811 0.999964663667
396.474 0.999964904871
397.137 0.999964965172
397.8 0.999964965172
398.463 0.999964965172
399.126 0.999965025473
399.789 0.999965025473
400.452 0.999965085774
401.115 0.999965206376
401.778 0.999965206376
402.441 0.999965266677
403.104 0.999965266677
403.767 0.999965266677
404.43 0.999965266677
405.093 0.999965387278
405.756 0.999965387278
406.419 0.999965688783
407.082 0.999965688783
407.745 0.999965688783
408.408 0.999965688783
409.071 0.999965749084
409.734 0.999965749084
410.397 0.999965809385
411.06 0.999965869686
411.723 0.999965869686
412.386 0.999965929987
413.049 0.999966955102
413.712 0.999966955102
414.375 0.999967015403
415.038 0.999967316907
415.701 0.999967316907
416.364 0.999969065634
417.027 0.999969246537
417.69 0.999969246537
418.353 0.999969427439
419.016 0.999969427439
419.679 0.999969427439
420.342 0.999969548041
421.005 0.999969608342
421.668 0.999969608342
422.331 0.999969608342
422.994 0.999969608342
423.657 0.999969608342
424.32 0.999969668643
424.983 0.999969668643
425.646 0.999969728944
426.309 0.999969728944
426.972 0.999969728944
427.635 0.999969970147
428.298 0.999969970147
428.961 0.999969970147
429.624 0.99997015105
430.287 0.99997015105
430.95 0.99997015105
431.613 0.99997015105
432.276 0.999970211351
432.939 0.999970211351
433.602 0.999970271652
434.265 0.999970331953
434.928 0.999970331953
435.591 0.999970331953
436.254 0.999970452555
436.917 0.999970452555
437.58 0.999970512856
438.243 0.999970512856
438.906 0.999970512856
439.569 0.999970512856
440.232 0.999970633457
440.895 0.999970633457
441.558 0.999970633457
442.221 0.999970633457
442.884 0.999970633457
443.547 0.999970754059
444.21 0.999970874661
444.873 0.999970874661
445.536 0.999970934962
446.199 0.999970995263
446.862 0.999970995263
447.525 0.999971296767
448.188 0.999971296767
448.851 0.999971296767
449.514 0.999971357068
450.177 0.999971537971
450.84 0.999971537971
451.503 0.999971598272
452.166 0.999971658573
452.829 0.999971658573
453.492 0.999971779175
454.155 0.999971960077
454.818 0.999971960077
455.481 0.999972020378
456.144 0.999972080679
456.807 0.999972080679
457.47 0.999972623387
458.133 0.999972924892
458.796 0.999972924892
459.459 0.999973045494
460.122 0.999973045494
460.785 0.999973045494
461.448 0.999973045494
462.111 0.999973226397
462.774 0.999973226397
463.437 0.999973226397
464.1 0.999973226397
464.763 0.999973226397
465.426 0.999973286697
466.089 0.999973407299
466.752 0.999973407299
467.415 0.999973588202
468.078 0.999973588202
468.741 0.999973588202
469.404 0.999973588202
470.067 0.999973648503
470.73 0.999973648503
471.393 0.999973648503
472.056 0.999973769105
472.719 0.999973769105
473.382 0.999973829406
474.045 0.999973889707
474.708 0.999973889707
475.371 0.999974010308
476.034 0.999974070609
476.697 0.999974070609
477.36 0.999974191211
478.023 0.999974432415
478.686 0.999974432415
479.349 0.999974432415
480.012 0.999974432415
480.675 0.999974432415
481.338 0.999974492716
482.001 0.999974492716
482.664 0.999974492716
483.327 0.999974553016
483.99 0.999974553016
484.653 0.999974613317
485.316 0.999974613317
485.979 0.999974613317
486.642 0.999974673618
487.305 0.99997479422
487.968 0.99997479422
488.631 0.999974975123
489.294 0.999975156026
489.957 0.999975156026
490.62 0.999975216326
491.283 0.999975336928
491.946 0.999975336928
492.609 0.999975336928
493.272 0.999975517831
493.935 0.999975517831
494.598 0.999975759035
495.261 0.999976482646
495.924 0.999976482646
496.587 0.99997744746
497.25 0.999977568062
497.913 0.999977568062
498.576 0.999979497691
499.239 0.999985588083
499.902 0.999985588083
500.565 0.99998607049
501.228 0.999986191092
501.891 0.999986191092
502.554 0.999986251393
503.217 0.999986311694
503.88 0.999986311694
504.543 0.999986432296
505.206 0.999986432296
505.869 0.999986432296
506.532 0.999986552897
507.195 0.9999867338
507.858 0.9999867338
508.521 0.999986794101
509.184 0.999987216207
509.847 0.999987216207
510.51 0.999987216207
511.173 0.999987336809
511.836 0.999987336809
512.499 0.99998739711
513.162 0.99998739711
513.825 0.99998739711
514.488 0.99998739711
515.151 0.99998739711
515.814 0.99998739711
516.477 0.999987457411
517.14 0.999987457411
517.803 0.999987457411
518.466 0.999987457411
519.129 0.999987819216
519.792 0.999987819216
520.455 0.999987819216
521.118 0.999987819216
521.781 0.999987819216
522.444 0.999987819216
523.107 0.999987819216
523.77 0.999987819216
524.433 0.999987879517
525.096 0.999987879517
525.759 0.999987879517
526.422 0.999987879517
527.085 0.999987879517
527.748 0.999987879517
528.411 0.999987879517
529.074 0.99998806042
529.737 0.99998806042
530.4 0.999988181022
531.063 0.999988241323
531.726 0.999988241323
532.389 0.999988482526
533.052 0.999988542827
533.715 0.999988542827
534.378 0.999988904633
535.041 0.999988964934
535.704 0.999988964934
536.367 0.999989145836
537.03 0.999989266438
537.693 0.999989266438
538.356 0.999989326739
539.019 0.99998938704
539.682 0.99998938704
540.345 0.999989869447
541.008 0.999989929748
541.671 0.999989929748
542.334 0.999989929748
542.997 0.999989929748
543.66 0.999989990049
544.323 0.999990110651
544.986 0.999990110651
545.649 0.999990170952
546.312 0.999990170952
546.975 0.999990170952
547.638 0.999990291554
548.301 0.999990291554
548.964 0.999990291554
549.627 0.999990291554
550.29 0.999990412156
550.953 0.999990412156
551.616 0.999990412156
552.279 0.999990472456
552.942 0.999990472456
553.605 0.999990653359
554.268 0.999990653359
554.931 0.999990653359
555.594 0.99999071366
556.257 0.99999071366
556.92 0.99999071366
557.583 0.999990773961
558.246 0.999990834262
558.909 0.999990834262
559.572 0.999990834262
560.235 0.999991075466
560.898 0.999991075466
561.561 0.999991075466
562.224 0.999991196067
562.887 0.999991196067
563.55 0.999991196067
564.213 0.999991196067
564.876 0.999991196067
565.539 0.999991196067
566.202 0.999991256368
566.865 0.999991256368
567.528 0.999991256368
568.191 0.999991316669
568.854 0.999991316669
569.517 0.999991316669
570.18 0.999991437271
570.843 0.999991437271
571.506 0.999991497572
572.169 0.999991557873
572.832 0.999991557873
573.495 0.999991678475
574.158 0.999991678475
574.821 0.999991678475
575.484 0.999991678475
576.147 0.999991799076
576.81 0.999991799076
577.473 0.999992160882
578.136 0.999992763891
578.799 0.999992763891
579.462 0.999992763891
580.125 0.999993487502
580.788 0.999993487502
581.451 0.999996080441
582.114 0.999996080441
582.777 0.999996080441
583.44 0.999996080441
584.103 0.999996080441
584.766 0.999996080441
585.429 0.999996140742
586.092 0.999996201043
586.755 0.999996201043
587.418 0.999996201043
588.081 0.999996261344
588.744 0.999996261344
589.407 0.999996381945
590.07 0.999996442246
590.733 0.999996442246
591.396 0.999996442246
592.059 0.999996442246
592.722 0.999996442246
593.385 0.999996562848
594.048 0.999996562848
594.711 0.999996562848
595.374 0.999996562848
596.037 0.999996562848
596.7 0.999996562848
597.363 0.999996623149
598.026 0.999996623149
598.689 0.999996623149
599.352 0.99999668345
600.015 0.99999668345
600.678 0.99999668345
601.341 0.999996984955
602.004 0.999997045255
602.667 0.999997045255
603.33 0.999997105556
603.993 0.999997105556
604.656 0.999997105556
605.319 0.999997105556
605.982 0.999997105556
606.645 0.999997105556
607.308 0.999997105556
607.971 0.999997105556
608.634 0.999997105556
609.297 0.999997105556
609.96 0.999997105556
610.623 0.999997105556
611.286 0.999997226158
611.949 0.999997226158
612.612 0.999997587964
613.275 0.999997648265
613.938 0.999997648265
614.601 0.999997708565
615.264 0.999997708565
615.927 0.999997708565
616.59 0.999997708565
617.253 0.999997768866
617.916 0.999997768866
618.579 0.999997829167
619.242 0.999998070371
619.905 0.999998070371
620.568 0.999998070371
621.231 0.999998130672
621.894 0.999998130672
622.557 0.999998371875
623.22 0.999998552778
623.883 0.999998552778
624.546 0.999998552778
625.209 0.999998613079
625.872 0.999998613079
626.535 0.999998613079
627.198 0.999998613079
627.861 0.999998613079
628.524 0.99999867338
629.187 0.99999867338
629.85 0.99999867338
630.513 0.999998733681
631.176 0.999998733681
631.839 0.999998733681
632.502 0.999998733681
633.165 0.999999035185
633.828 0.999999035185
634.491 0.999999035185
635.154 0.999999035185
635.817 0.999999035185
636.48 0.999999035185
637.143 0.999999035185
637.806 0.999999035185
638.469 0.999999155787
639.132 0.999999155787
639.795 0.999999155787
640.458 0.999999276389
641.121 0.99999933669
641.784 0.99999933669
642.447 0.999999457292
643.11 0.999999517593
643.773 0.999999517593
644.436 0.999999517593
645.099 0.999999517593
645.762 0.999999517593
646.425 0.999999517593
647.088 0.999999577894
647.751 0.999999577894
648.414 0.999999577894
649.077 0.999999638195
649.74 0.999999638195
650.403 0.999999638195
651.066 0.999999638195
651.729 0.999999638195
652.392 0.999999638195
653.055 0.999999819097
653.718 0.999999819097
654.381 0.999999879398
655.044 0.999999879398
655.707 0.999999879398
656.37 0.999999879398
657.033 0.999999879398
657.696 0.999999879398
658.359 0.999999879398
659.022 0.999999879398
659.685 0.999999879398
660.348 0.999999879398
661.011 0.999999939699
661.674 0.999999939699
662.337 0.999999939699
663.0 1.0
