0.0 0.739754845449
0.664 0.739754845449
1.328 0.868966969454
1.992 0.868966969454
2.656 0.88828514949
3.32 0.900893828311
3.984 0.900893828311
4.648 0.939303095161
5.312 0.963152888492
5.976 0.963152888492
6.64 0.984519309497
7.304 0.990940813573
7.968 0.990940813573
8.632 0.993638254125
9.296 0.995252810957
9.96 0.995252810957
10.624 0.996208218556
11.288 0.996738926854
11.952 0.996738926854
12.616 0.997071003958
13.28 0.997305875998
13.944 0.997305875998
14.608 0.997523863783
15.272 0.997710675999
15.936 0.997710675999
16.6 0.99785075501
17.264 0.997962492594
17.928 0.997962492594
18.592 0.998068682494
19.256 0.998174872394
19.92 0.998174872394
20.584 0.99827744424
21.248 0.99835770475
21.912 0.99835770475
22.576 0.998423854847
23.24 0.998486748694
23.904 0.998486748694
24.568 0.998545240576
25.232 0.998603008847
25.896 0.998603008847
26.56 0.998658365081
27.224 0.998711550482
27.888 0.998711550482
28.552 0.998757499775
29.216 0.99880097673
29.88 0.99880097673
30.544 0.998839267807
31.208 0.99887593076
31.872 0.99887593076
32.536 0.998910061074
33.2 0.998942864768
33.864 0.998942864768
34.528 0.998974522745
35.192 0.999005215908
35.856 0.999005215908
36.52 0.99903186891
37.184 0.999059547027
37.848 0.999059547027
38.512 0.999084873408
39.176 0.999107968657
39.84 0.999107968657
40.504 0.999131847816
41.168 0.999150842603
41.832 0.999150842603
42.496 0.999173696647
43.16 0.999192812035
43.824 0.999192812035
44.488 0.999211445016
45.152 0.999229233784
45.816 0.999229233784
46.48 0.999245273826
47.144 0.999260710858
47.808 0.999260710858
48.472 0.999276630298
49.136 0.999290198003
49.8 0.999290198003
50.464 0.999302921495
51.128 0.999315102278
51.792 0.999315102278
52.456 0.99932649915
53.12 0.999336388499
53.784 0.999336388499
54.448 0.999346338149
55.112 0.999357373215
55.776 0.999357373215
56.44 0.999367925874
57.104 0.999378960941
57.768 0.999378960941
58.432 0.999387161864
59.096 0.999394759779
59.76 0.999394759779
60.424 0.999401573781
61.088 0.999408025979
61.752 0.999408025979
62.416 0.999414839981
63.08 0.999420870072
63.744 0.999420870072
64.408 0.999426478057
65.072 0.999431543333
65.736 0.999431543333
66.4 0.999436548308
67.064 0.999441010576
67.728 0.999441010576
68.392 0.999446136153
69.056 0.999451382332
69.72 0.999451382332
70.384 0.999455844599
71.048 0.99946054807
71.712 0.99946054807
72.376 0.999464648532
73.04 0.999468688693
73.704 0.999468688693
74.368 0.999473874571
75.032 0.999478578042
75.696 0.999478578042
76.36 0.999482075495
77.024 0.999486115655
77.688 0.999486115655
78.352 0.999489974914
79.016 0.999494015075
79.68 0.999494015075
80.344 0.999497331624
81.008 0.999501854193
81.672 0.999501854193
82.336 0.999506376761
83.0 0.999518859049
83.664 0.999518859049
84.328 0.999522718307
84.992 0.999522718307
85.656 0.999526939371
86.32 0.99953019562
86.984 0.99953019562
87.648 0.999533331267
88.312 0.999536105109
88.976 0.999536105109
89.64 0.999539421659
90.304 0.999543220616
90.968 0.999543220616
91.632 0.999547079874
92.296 0.999550396424
92.96 0.999550396424
93.624 0.999553712974
94.288 0.999557511931
94.952 0.999557511931
95.616 0.999561190287
96.28 0.999564989244
96.944 0.999564989244
97.608 0.999568185192
98.272 0.99957132084
98.936 0.99957132084
99.6 0.999574878593
100.264 0.999578195143
100.928 0.999578195143
101.592 0.999580908684
102.256 0.999584587039
102.92 0.999584587039
103.584 0.999587240279
104.248 0.999590858334
104.912 0.999590858334
105.576 0.999593511574
106.24 0.999596285416
106.904 0.999596285416
107.568 0.999598516549
108.232 0.999601109488
108.896 0.999601109488
109.56 0.999603642127
110.224 0.999606476269
110.888 0.999606476269
111.552 0.999608948607
112.216 0.999611240041
112.88 0.999611240041
113.544 0.999614134485
114.208 0.999616305317
114.872 0.999616305317
115.536 0.999618898257
116.2 0.999620948487
116.864 0.999620948487
117.528 0.999622636913
118.192 0.999625591657
118.856 0.999625591657
119.52 0.999628003694
120.184 0.999630596633
120.848 0.999630596633
121.512 0.999632707165
122.176 0.999635179502
122.84 0.999635179502
123.504 0.999637651839
124.168 0.999641149292
124.832 0.999641149292
125.496 0.999643440726
126.16 0.999645430656
126.824 0.999645430656
127.488 0.999647842693
128.152 0.999650134127
128.816 0.999650134127
129.48 0.999652244659
130.144 0.99965429489
130.808 0.99965429489
131.472 0.99965628482
132.136 0.999658515954
132.8 0.999658515954
133.464 0.999660505884
134.128 0.999662676716
134.792 0.999662676716
135.456 0.999665028452
136.12 0.999667138984
136.784 0.999667138984
137.448 0.999669249515
138.112 0.999671601251
138.776 0.999671601251
139.44 0.999674254491
140.104 0.999676244421
140.768 0.999676244421
141.432 0.999677932846
142.096 0.999679983077
142.76 0.999679983077
143.424 0.99968215391
144.088 0.999684264442
144.752 0.999684264442
145.416 0.999686495575
146.08 0.999688545806
146.744 0.999688545806
147.408 0.999691018143
148.072 0.999692827171
148.736 0.999692827171
149.4 0.999694394994
150.064 0.999695661313
150.728 0.999695661313
151.392 0.99969741004
152.056 0.999698676359
152.72 0.999698676359
153.384 0.999700425085
154.048 0.999702173812
154.712 0.999702173812
155.376 0.999704284343
156.04 0.999705430061
156.704 0.999705430061
157.368 0.999706756681
158.032 0.999709108416
158.696 0.999709108416
159.36 0.999710254133
160.024 0.999712304364
160.688 0.999712304364
161.352 0.999714173692
162.016 0.999715681215
162.68 0.999715681215
163.344 0.999717429941
164.008 0.999719600774
164.672 0.999719600774
165.336 0.999729550424
166.0 0.999729550424
166.664 0.99974317843
167.328 0.999745409563
167.992 0.999745409563
168.656 0.99974721859
169.32 0.99974920852
169.984 0.99974920852
170.648 0.999750655742
171.312 0.999751680858
171.976 0.999751680858
172.64 0.999752766274
173.304 0.999753972292
173.968 0.999753972292
174.632 0.999755238611
175.296 0.999756263727
175.96 0.999756263727
176.624 0.999758193356
177.288 0.999759218471
177.952 0.999759218471
178.616 0.999760062684
179.28 0.999761027499
179.944 0.999761027499
180.608 0.999762595322
181.272 0.999763982243
181.936 0.999763982243
182.6 0.99976512796
183.264 0.999766394279
183.928 0.999766394279
184.592 0.9997677812
185.256 0.999769168121
185.92 0.999769168121
186.584 0.999771278653
187.248 0.999772303768
187.912 0.999772303768
188.576 0.999773449486
189.24 0.999774534902
189.904 0.999774534902
190.568 0.999775499717
191.232 0.999776464531
191.896 0.999776464531
192.56 0.999777308744
193.224 0.999778032355
193.888 0.999778032355
194.552 0.999779298674
195.216 0.999780082586
195.88 0.999780082586
196.544 0.999780866498
197.208 0.999782132817
197.872 0.999782132817
198.536 0.999783157932
199.2 0.999784183048
199.864 0.999784183048
200.528 0.999785389066
201.192 0.999786474482
201.856 0.999786474482
202.52 0.9997876805
203.184 0.999788765917
203.848 0.999788765917
204.512 0.999790032236
205.176 0.999790936749
205.84 0.999790936749
206.504 0.999792806077
207.168 0.999795399017
207.832 0.999795399017
208.496 0.999796363831
209.16 0.999797509548
209.824 0.999797509548
210.488 0.999798655266
211.152 0.999799318576
211.816 0.999799318576
212.48 0.999800223089
213.144 0.999801007001
213.808 0.999801007001
214.472 0.999802213019
215.136 0.999803057232
215.8 0.999803057232
216.464 0.999804202949
217.128 0.999805167764
217.792 0.999805167764
218.456 0.999806132578
219.12 0.99980691649
219.784 0.99980691649
220.448 0.999807459198
221.112 0.999808544615
221.776 0.999808544615
222.44 0.999809449128
223.104 0.999810474244
223.768 0.999810474244
224.432 0.999811197855
225.096 0.999812102368
225.76 0.999812102368
226.424 0.999812765678
227.088 0.999813730493
227.752 0.999813730493
228.416 0.999814514405
229.08 0.999815358617
229.744 0.999815358617
230.408 0.999816383733
231.072 0.999817348547
231.736 0.999817348547
232.4 0.999818433964
233.064 0.999819579681
233.728 0.999819579681
234.392 0.999820001787
235.056 0.999821087204
235.72 0.999821087204
236.384 0.999822052018
237.048 0.999823378638
237.712 0.999823378638
238.376 0.999824102249
239.04 0.999825006763
239.704 0.999825006763
240.368 0.999825730374
241.032 0.999826755489
241.696 0.999826755489
242.36 0.999827298197
243.024 0.999828021808
243.688 0.999828021808
244.352 0.999829107225
245.016 0.999829770535
245.68 0.999829770535
246.344 0.999831157455
247.008 0.99983212227
247.672 0.99983212227
248.336 0.999837850856
249.0 0.999837850856
249.664 0.999839298078
250.328 0.999840142291
250.992 0.999840142291
251.656 0.999841529212
252.32 0.999843097035
252.984 0.999843097035
253.648 0.999843941248
254.312 0.999845086965
254.976 0.999845086965
255.64 0.999846172382
256.304 0.9998473784
256.968 0.9998473784
257.632 0.999848524117
258.296 0.999850091941
258.96 0.999850091941
259.624 0.999851237658
260.288 0.999851900968
260.952 0.999851900968
261.616 0.999852926084
262.28 0.999853770296
262.944 0.999853770296
263.608 0.999854916013
264.272 0.999855760226
264.936 0.999855760226
265.6 0.999856483837
266.264 0.999857508953
266.928 0.999857508953
267.592 0.999858172263
268.256 0.999859076776
268.92 0.999859076776
269.584 0.999860162193
270.248 0.999861006405
270.912 0.999861006405
271.576 0.99986197122
272.24 0.99986263453
272.904 0.99986263453
273.568 0.999863719946
274.232 0.99986462446
274.896 0.99986462446
275.56 0.999865468673
276.224 0.999866433487
276.888 0.999866433487
277.552 0.999867096797
278.216 0.999867820408
278.88 0.999867820408
279.544 0.999868905824
280.208 0.999869991241
280.872 0.999869991241
281.536 0.999871498763
282.2 0.999872041472
282.864 0.999872041472
283.528 0.999872704782
284.192 0.999873488693
284.856 0.999873488693
285.52 0.999874031402
286.184 0.999874634411
286.848 0.999874634411
287.512 0.999875056517
288.176 0.999875780128
288.84 0.999875780128
289.504 0.999876925845
290.168 0.999877589155
290.832 0.999877589155
291.496 0.999878493669
292.16 0.999879156979
292.824 0.999879156979
293.488 0.99987988059
294.152 0.9998805439
294.816 0.9998805439
295.48 0.999881086608
296.144 0.99988187052
296.808 0.99988187052
297.472 0.999882473529
298.136 0.999883076538
298.8 0.999883076538
299.464 0.999883498644
300.128 0.999884161954
300.792 0.999884161954
301.456 0.999884704662
302.12 0.999885367972
302.784 0.999885367972
303.448 0.999885729778
304.112 0.999886393088
304.776 0.999886393088
305.44 0.999887056398
306.104 0.999887418203
306.768 0.999887418203
307.432 0.999888322717
308.096 0.999888986027
308.76 0.999888986027
309.424 0.999889589036
310.088 0.999890553851
310.752 0.999890553851
311.416 0.99989115686
312.08 0.999891639267
312.744 0.999891639267
313.408 0.999892121674
314.072 0.999892905586
314.736 0.999892905586
315.4 0.999893387993
316.064 0.999893870401
316.728 0.999893870401
317.392 0.999894292507
318.056 0.999894774914
318.72 0.999894774914
319.384 0.999895016118
320.048 0.999895619127
320.712 0.999895619127
321.376 0.999896342738
322.04 0.999896945747
322.704 0.999896945747
323.368 0.999897609057
324.032 0.999898031163
324.696 0.999898031163
325.36 0.999898694473
326.024 0.99989911658
326.688 0.99989911658
327.352 0.999899598987
328.016 0.999900262297
328.68 0.999900262297
329.344 0.999903337643
330.008 0.999915277223
330.672 0.999915277223
331.336 0.999919920393
332.0 0.999919920393
332.664 0.999920644004
333.328 0.999926975599
333.992 0.999926975599
334.656 0.999933307195
335.32 0.999934272009
335.984 0.999934272009
336.648 0.999934392611
337.312 0.999934633815
337.976 0.999934633815
338.64 0.999934694116
339.304 0.999935236824
339.968 0.999935236824
340.632 0.999935417727
341.296 0.999935598629
341.96 0.999935598629
342.624 0.999935719231
343.288 0.999935839833
343.952 0.999935839833
344.616 0.999936081037
345.28 0.999936141338
345.944 0.999936141338
346.608 0.999936684046
347.272 0.999936804648
347.936 0.999936804648
348.6 0.999937045851
349.264 0.999937287055
349.928 0.999937287055
350.592 0.999937467958
351.256 0.999938191569
351.92 0.999938191569
352.584 0.999938372471
353.248 0.999938613675
353.912 0.999938613675
354.576 0.99993897548
355.24 0.999939096082
355.904 0.999939096082
356.568 0.999939276985
357.232 0.999939337286
357.896 0.999939337286
358.56 0.999939699091
359.224 0.999939940295
359.888 0.999939940295
360.552 0.999940000596
361.216 0.999940060897
361.88 0.999940060897
362.544 0.999940181498
363.208 0.999940181498
363.872 0.999940181498
364.536 0.9999403021
365.2 0.999940483003
365.864 0.999940483003
366.528 0.999940603605
367.192 0.999940603605
367.856 0.999940603605
368.52 0.999940784508
369.184 0.999940905109
369.848 0.999940905109
370.512 0.999940905109
371.176 0.999941206614
371.84 0.999941206614
372.504 0.999941568419
373.168 0.999941809623
373.832 0.999941809623
374.496 0.999941990526
375.16 0.999942412632
375.824 0.999942412632
376.488 0.999942714137
377.152 0.99994295534
377.816 0.99994295534
378.48 0.999943317146
379.144 0.999944342261
379.808 0.999944342261
380.472 0.999945065872
381.136 0.999945668881
381.8 0.999945668881
382.464 0.999945668881
383.128 0.999945789483
383.792 0.999945789483
384.456 0.999945849784
385.12 0.999946030687
385.784 0.999946030687
386.448 0.999946090988
387.112 0.999946633696
387.776 0.999946633696
388.44 0.999946995501
389.104 0.999947297006
389.768 0.999947297006
390.432 0.999947538209
391.096 0.999947900015
391.76 0.999947900015
392.424 0.99994826182
393.088 0.999948503024
393.752 0.999948503024
394.416 0.999948804528
395.08 0.99994892513
395.744 0.99994892513
396.408 0.999949286936
397.072 0.999949407538
397.736 0.999949407538
398.4 0.999949769343
399.064 0.999949769343
399.728 0.999949769343
400.392 0.999949829644
401.056 0.999949950246
401.72 0.999949950246
402.384 0.999950070848
403.048 0.999950312051
403.712 0.999950312051
404.376 0.999950372352
405.04 0.999950372352
405.704 0.999950372352
406.368 0.99995091506
407.032 0.999951095963
407.696 0.999951095963
408.36 0.999951337167
409.024 0.999951337167
409.688 0.999951337167
410.352 0.999951337167
411.016 0.99995157837
411.68 0.99995157837
412.344 0.999951759273
413.008 0.999953085893
413.672 0.999953085893
414.336 0.999953387398
415.0 0.999953387398
415.664 0.999953447698
416.328 0.999955196425
416.992 0.999955196425
417.656 0.999955437628
418.32 0.999955739133
418.984 0.999955739133
419.648 0.999955859735
420.312 0.999955920036
420.976 0.999955920036
421.64 0.999956040638
422.304 0.999956100938
422.968 0.999956100938
423.632 0.99995622154
424.296 0.999956342142
424.96 0.999956342142
425.624 0.999956402443
426.288 0.999956523045
426.952 0.999956523045
427.616 0.999956824549
428.28 0.99995688485
428.944 0.99995688485
429.608 0.999957005452
430.272 0.999957126054
430.936 0.999957126054
431.6 0.999957126054
432.264 0.999957246656
432.928 0.999957246656
433.592 0.999957306957
434.256 0.999957608461
434.92 0.999957608461
435.584 0.999957668762
436.248 0.999958030567
436.912 0.999958030567
437.576 0.999958271771
438.24 0.999958332072
438.904 0.999958332072
439.568 0.999958332072
440.232 0.999958512975
440.896 0.999958512975
441.56 0.999958633577
442.224 0.999958693877
442.888 0.999958693877
443.552 0.999958814479
444.216 0.999958995382
444.88 0.999958995382
445.544 0.999959115984
446.208 0.999959236586
446.872 0.999959236586
447.536 0.999959357187
448.2 0.99995953809
448.864 0.99995953809
449.528 0.999959718993
450.192 0.999959839595
450.856 0.999959839595
451.52 0.999959960197
452.184 0.999960080798
452.848 0.999960080798
453.512 0.9999602014
454.176 0.999960985312
454.84 0.999960985312
455.504 0.999961105914
456.168 0.999961166215
456.832 0.999961166215
457.496 0.999961648622
458.16 0.999962010427
458.824 0.999962010427
459.488 0.999962010427
460.152 0.99996219133
460.816 0.99996219133
461.48 0.999962251631
462.144 0.999962311932
462.808 0.999962311932
463.472 0.999962432534
464.136 0.999962492835
464.8 0.999962492835
465.464 0.999962613437
466.128 0.999962734038
466.792 0.999962734038
467.456 0.999962734038
468.12 0.999962914941
468.784 0.999962914941
469.448 0.999963156145
470.112 0.999963276747
470.776 0.999963276747
471.44 0.999963457649
472.104 0.999963638552
472.768 0.999963638552
473.432 0.999963638552
474.096 0.999963698853
474.76 0.999963698853
475.424 0.999963698853
476.088 0.999963759154
476.752 0.999963759154
477.416 0.999963819455
478.08 0.999964120959
478.744 0.999964120959
479.408 0.999964362163
480.072 0.999964482765
480.736 0.999964482765
481.4 0.999964543066
482.064 0.999964543066
482.728 0.999964543066
483.392 0.999964543066
484.056 0.999964603367
484.72 0.999964603367
485.384 0.999964663667
486.048 0.99996484457
486.712 0.99996484457
487.376 0.999964904871
488.04 0.999964965172
488.704 0.999964965172
489.368 0.999965146075
490.032 0.999965206376
490.696 0.999965206376
491.36 0.999965326977
492.024 0.999965568181
492.688 0.999965568181
493.352 0.999965749084
494.016 0.999966110889
494.68 0.999966110889
495.344 0.999967075704
496.008 0.999968281722
496.672 0.999968281722
497.336 0.999968583227
498.0 0.999968583227
498.664 0.999970573157
499.328 0.999977688664
499.992 0.999977688664
500.656 0.999978472576
501.32 0.999978713779
501.984 0.999978713779
502.648 0.99997877408
503.312 0.999979015284
503.976 0.999979015284
504.64 0.999979196186
505.304 0.999979196186
505.968 0.999979196186
506.632 0.99997943739
507.296 0.999979557992
507.96 0.999979557992
508.624 0.999979618293
509.288 0.9999801007
509.952 0.9999801007
510.616 0.999980281603
511.28 0.999980281603
511.944 0.999980281603
512.608 0.999980402205
513.272 0.999980583107
513.936 0.999980583107
514.6 0.999980703709
515.264 0.999980703709
515.928 0.999980703709
516.592 0.99998076401
517.256 0.99998076401
517.92 0.99998076401
518.584 0.99998076401
519.248 0.999981065515
519.912 0.999981065515
520.576 0.999981186116
521.24 0.999981186116
521.904 0.999981186116
522.568 0.999981306718
523.232 0.999981306718
523.896 0.999981306718
524.56 0.999981367019
525.224 0.99998142732
525.888 0.99998142732
526.552 0.999981547922
527.216 0.999981547922
527.88 0.999981547922
528.544 0.999981608223
529.208 0.999981789126
529.872 0.999981789126
530.536 0.999981970028
531.2 0.999981970028
531.864 0.999981970028
532.528 0.99998209063
533.192 0.999982150931
533.856 0.999982150931
534.52 0.999982331834
535.184 0.999982512736
535.848 0.999982512736
536.512 0.999982693639
537.176 0.999983055445
537.84 0.999983055445
538.504 0.999983115746
539.168 0.999983115746
539.832 0.999983115746
540.496 0.999983899657
541.16 0.999984020259
541.824 0.999984020259
542.488 0.99998408056
543.152 0.99998408056
543.816 0.99998408056
544.48 0.999984140861
545.144 0.999984261463
545.808 0.999984261463
546.472 0.999984382065
547.136 0.999984502666
547.8 0.999984502666
548.464 0.999984562967
549.128 0.999984562967
549.792 0.999984562967
550.456 0.999984683569
551.12 0.99998474387
551.784 0.99998474387
552.448 0.999984924773
553.112 0.999985226277
553.776 0.999985226277
554.44 0.999985346879
555.104 0.999985588083
555.768 0.999985588083
556.432 0.999985588083
557.096 0.999985648384
557.76 0.999985648384
558.424 0.999985708685
559.088 0.999985829286
559.752 0.999985829286
560.416 0.999986130791
561.08 0.999986191092
561.744 0.999986191092
562.408 0.999986191092
563.072 0.999986432296
563.736 0.999986432296
564.4 0.999986432296
565.064 0.999986492596
565.728 0.999986492596
566.392 0.999986673499
567.056 0.9999867338
567.72 0.9999867338
568.384 0.999986914703
569.048 0.999986975004
569.712 0.999986975004
570.376 0.999987035305
571.04 0.999987276508
571.704 0.999987276508
572.368 0.99998739711
573.032 0.999987638314
573.696 0.999987638314
574.36 0.999987758916
575.024 0.999987819216
575.688 0.999987819216
576.352 0.999987879517
577.016 0.999988120721
577.68 0.999988120721
578.344 0.999989326739
579.008 0.999989567943
579.672 0.999989567943
580.336 0.999989929748
581.0 0.999989929748
581.664 0.999993246298
582.328 0.999993728705
582.992 0.999993728705
583.656 0.999993789006
584.32 0.999993909608
584.984 0.999993909608
585.648 0.999993969909
586.312 0.99999403021
586.976 0.99999403021
587.64 0.999994090511
588.304 0.999994150812
588.968 0.999994150812
589.632 0.999994150812
590.296 0.999994150812
590.96 0.999994150812
591.624 0.999994271414
592.288 0.999994271414
592.952 0.999994271414
593.616 0.999994331715
594.28 0.999994331715
594.944 0.999994331715
595.608 0.999994331715
596.272 0.999994331715
596.936 0.999994331715
597.6 0.999994392015
598.264 0.999994392015
598.928 0.999994392015
599.592 0.999994572918
600.256 0.999994572918
600.92 0.999994572918
601.584 0.999994633219
602.248 0.999994814122
602.912 0.999994814122
603.576 0.999994934724
604.24 0.999994995025
604.904 0.999994995025
605.568 0.999995055325
606.232 0.999995175927
606.896 0.999995175927
607.56 0.999995175927
608.224 0.999995175927
608.888 0.999995175927
609.552 0.999995175927
610.216 0.999995236228
610.88 0.999995236228
611.544 0.999995296529
612.208 0.999995718635
612.872 0.999995718635
613.536 0.999995718635
614.2 0.999995899538
614.864 0.999995899538
615.528 0.999995899538
616.192 0.999995959839
616.856 0.999995959839
617.52 0.999996080441
618.184 0.999996080441
618.848 0.999996080441
619.512 0.999996261344
620.176 0.999996381945
620.84 0.999996381945
621.504 0.999996502547
622.168 0.999996623149
622.832 0.999996623149
623.496 0.999996984955
624.16 0.999997045255
624.824 0.999997045255
625.488 0.999997105556
626.152 0.999997165857
626.816 0.999997165857
627.48 0.999997165857
628.144 0.999997286459
628.808 0.999997286459
629.472 0.999997407061
630.136 0.999997527663
630.8 0.999997527663
631.464 0.999997527663
632.128 0.999997648265
632.792 0.999997648265
633.456 0.999997949769
634.12 0.999997949769
634.784 0.999997949769
635.448 0.999998070371
636.112 0.999998070371
636.776 0.999998070371
637.44 0.999998130672
638.104 0.999998190973
638.768 0.999998190973
639.432 0.999998251274
640.096 0.999998371875
640.76 0.999998371875
641.424 0.999998371875
642.088 0.999998552778
642.752 0.999998552778
643.416 0.99999867338
644.08 0.999998733681
644.744 0.999998733681
645.408 0.999998854283
646.072 0.999998914584
646.736 0.999998914584
647.4 0.999999155787
648.064 0.999999216088
648.728 0.999999216088
649.392 0.999999276389
650.056 0.999999276389
650.72 0.999999276389
651.384 0.99999933669
652.048 0.99999933669
652.712 0.99999933669
653.376 0.999999457292
654.04 0.999999638195
654.704 0.999999638195
655.368 0.999999758796
656.032 0.999999758796
656.696 0.999999758796
657.36 0.999999758796
658.024 0.999999819097
658.688 0.999999819097
659.352 0.999999819097
660.016 0.999999819097
660.68 0.999999819097
661.344 0.999999879398
662.008 0.999999879398
662.672 0.999999879398
663.336 0.999999939699
664.0 0.999999939699
664.0 1.0
