0.0 0.64449056526
0.667 0.64449056526
1.334 0.77341644085
2.001 0.837695460873
2.668 0.837695460873
3.335 0.863272392833
4.002 0.89459943855
4.669 0.89459943855
5.336 0.926076693831
6.003 0.949252383303
6.67 0.949252383303
7.337 0.961161752484
8.004 0.969730873426
8.671 0.969730873426
9.338 0.977178819571
10.005 0.982503751621
10.672 0.982503751621
11.339 0.98572587038
12.006 0.987503842675
12.673 0.987503842675
13.34 0.988792653999
14.007 0.989740403382
14.674 0.989740403382
15.341 0.990446104917
16.008 0.990985798051
16.675 0.990985798051
17.342 0.991425090171
18.009 0.991835980563
18.676 0.991835980563
19.343 0.99223456957
20.01 0.99257032503
20.677 0.99257032503
21.344 0.992825277273
22.011 0.99303078277
22.678 0.99303078277
23.345 0.993197213278
24.012 0.993346699231
24.679 0.993346699231
25.346 0.993476828592
26.013 0.993599239437
26.68 0.993599239437
27.347 0.993707479568
28.014 0.993802634402
28.681 0.993802634402
29.348 0.993893688774
30.015 0.993980944189
30.682 0.993980944189
31.349 0.994058249954
32.016 0.994133987896
32.683 0.994133987896
33.35 0.994208881624
34.017 0.994280820609
34.684 0.994280820609
35.351 0.994357402763
36.018 0.994429944756
36.685 0.994429944756
37.352 0.994494225525
38.019 0.994555913354
38.686 0.994555913354
39.353 0.994614465537
40.02 0.994674464941
40.687 0.994674464941
41.354 0.994734283442
42.021 0.994791388403
42.688 0.994791388403
43.355 0.994851327506
44.022 0.994911447512
44.689 0.994911447512
45.356 0.994966562543
46.023 0.995029576993
46.69 0.995029576993
47.357 0.995091867832
48.024 0.99515415867
48.691 0.99515415867
49.358 0.995216208305
50.025 0.995281031782
50.692 0.995281031782
51.359 0.995346820074
52.026 0.995412849569
52.693 0.995412849569
53.36 0.995473271079
54.027 0.995539782982
54.694 0.995539782982
55.361 0.995603943149
56.028 0.995670455051
56.695 0.995670455051
57.362 0.99573473582
58.029 0.995794011613
58.696 0.995794011613
59.363 0.995853709513
60.03 0.995916965166
60.697 0.995916965166
61.364 0.99597961781
62.031 0.996037808187
62.698 0.996037808187
63.365 0.996098048795
64.032 0.996159013014
64.699 0.996159013014
65.366 0.996217263692
66.033 0.996278951522
66.7 0.996278951522
67.367 0.996340820254
68.034 0.996395392576
68.701 0.996395392576
69.368 0.996453100546
70.035 0.996510748215
70.702 0.996510748215
71.369 0.996571049124
72.036 0.996624294826
72.703 0.996624294826
73.37 0.996677419927
74.037 0.996730906833
74.704 0.996730906833
75.371 0.996783006818
76.038 0.996836976131
76.705 0.996836976131
77.372 0.996888955515
78.039 0.99693840226
78.706 0.99693840226
79.373 0.996990321342
80.04 0.997041155008
80.707 0.997041155008
81.374 0.997092109276
82.041 0.997148852431
82.708 0.997148852431
83.375 0.997206439799
84.042 0.99725492173
84.709 0.99725492173
85.376 0.997301232828
86.043 0.997345734899
86.71 0.997345734899
87.377 0.997391020881
88.044 0.997436487766
88.711 0.997436487766
89.378 0.997478035092
90.045 0.997522175358
90.712 0.997522175358
91.379 0.997566496526
92.046 0.997605571515
92.713 0.997605571515
93.38 0.997644103795
94.047 0.997683842094
94.714 0.997683842094
95.381 0.997722193472
96.048 0.997758675522
96.715 0.997758675522
97.382 0.997791117411
98.049 0.997825669832
98.716 0.997825669832
99.383 0.997857991119
100.05 0.997890252105
100.717 0.997890252105
101.384 0.997918352328
102.051 0.997948924889
102.718 0.997948924889
103.385 0.997979618052
104.052 0.998007597673
104.719 0.998007597673
105.386 0.998035577295
106.053 0.998066149856
106.72 0.998066149856
107.387 0.998090812927
108.054 0.998117586531
108.721 0.998117586531
109.388 0.9981420687
110.055 0.998166852373
110.722 0.998166852373
111.389 0.998191696348
112.056 0.998213284073
112.723 0.998213284073
113.39 0.9982349924
114.057 0.998255977117
114.724 0.998255977117
115.391 0.998278951763
116.058 0.998298730461
116.725 0.998298730461
117.392 0.998317303141
118.059 0.998335755219
118.726 0.998335755219
119.393 0.998354689704
120.06 0.998373081481
120.727 0.998373081481
121.394 0.998390689347
122.061 0.998406307282
122.728 0.998406307282
123.395 0.998425181467
124.062 0.99844532197
124.729 0.99844532197
125.396 0.998463050437
126.063 0.998479271382
126.73 0.998479271382
127.397 0.998495492326
128.064 0.998512075076
128.731 0.998512075076
129.398 0.99853022565
130.065 0.998545119974
130.732 0.998545119974
131.399 0.998561642423
132.066 0.998576898553
132.733 0.998576898553
133.4 0.998591853178
134.067 0.998607350512
134.734 0.998607350512
135.401 0.998622063934
136.068 0.998635933143
136.735 0.998635933143
137.402 0.998650948069
138.069 0.998663671561
138.736 0.998663671561
139.403 0.998675309636
140.07 0.998689661252
140.737 0.998689661252
141.404 0.998701480231
142.071 0.99871601275
142.738 0.99871601275
143.405 0.998730123162
144.072 0.998745198389
144.739 0.998745198389
145.406 0.998758343987
146.073 0.998770705674
146.74 0.998770705674
147.407 0.998782283448
148.074 0.998794524533
148.741 0.998794524533
149.408 0.998805016891
150.075 0.998814484134
150.742 0.998814484134
151.409 0.998823167464
152.076 0.998832695008
152.743 0.998832695008
153.41 0.998841137135
154.077 0.998850664679
154.744 0.998850664679
155.411 0.998859589213
156.078 0.998868212243
156.745 0.998868212243
157.412 0.998876473468
158.079 0.998883830179
158.746 0.998883830179
159.413 0.998892031102
160.08 0.998898664202
160.747 0.998898664202
161.414 0.998906623922
162.081 0.998915608758
162.748 0.998915608758
163.415 0.998922060955
164.082 0.99893369903
164.749 0.99893369903
165.416 0.999008472157
166.083 0.999030301086
166.75 0.999030301086
167.417 0.999039647727
168.084 0.999046401429
168.751 0.999046401429
169.418 0.999053034529
170.085 0.99906039124
170.752 0.99906039124
171.419 0.999066059525
172.086 0.999071486607
172.753 0.999071486607
173.42 0.999077094591
174.087 0.999082039266
174.754 0.999082039266
175.421 0.999087466348
176.088 0.999092531624
176.755 0.999092531624
177.422 0.999098139608
178.089 0.999102601876
178.756 0.999102601876
179.423 0.999107425948
180.09 0.999111767614
180.757 0.999111767614
181.424 0.999115868076
182.091 0.999119546431
182.758 0.999119546431
183.425 0.999123164486
184.092 0.999127747355
184.759 0.999127747355
185.426 0.999131124206
186.093 0.999136671889
186.76 0.999136671889
187.427 0.99914071205
188.094 0.999144450706
188.761 0.999144450706
189.428 0.999148189363
190.095 0.999151928019
190.762 0.999151928019
191.429 0.999155787277
192.096 0.999159224429
192.763 0.999159224429
193.43 0.999163023386
194.097 0.999167003246
194.764 0.999167003246
195.431 0.999170018292
196.098 0.999172852434
196.765 0.999172852434
197.432 0.999176470489
198.099 0.999179364933
198.766 0.999179364933
199.433 0.999181897571
200.1 0.999184792014
200.767 0.999184792014
201.434 0.999187204051
202.101 0.999189676388
202.768 0.999189676388
203.435 0.999192691433
204.102 0.999195284372
204.769 0.999195284372
205.436 0.999198902427
206.103 0.999203304393
206.77 0.999203304393
207.437 0.999210118396
208.104 0.999213133441
208.771 0.999213133441
209.438 0.999216269089
210.105 0.99921964594
210.772 0.99921964594
211.439 0.999222118277
212.106 0.999224892119
212.773 0.999224892119
213.44 0.999227726261
214.107 0.999230681006
214.774 0.999230681006
215.441 0.999233394547
216.108 0.999235685981
216.775 0.999235685981
217.442 0.999238459823
218.109 0.999240992461
218.776 0.999240992461
219.443 0.999243706002
220.11 0.999246298941
220.777 0.999246298941
221.444 0.999249977297
222.111 0.999252630537
222.778 0.999252630537
223.445 0.999255344078
224.112 0.999257937017
224.779 0.999257937017
225.446 0.999260409354
226.113 0.999262580187
226.78 0.999262580187
227.447 0.999265293728
228.114 0.999268489676
228.781 0.999268489676
229.448 0.99927078111
230.115 0.99927277104
230.782 0.99927277104
231.449 0.999275062475
232.116 0.999277836317
232.783 0.999277836317
233.45 0.999280610158
234.117 0.999283685505
234.784 0.999283685505
235.451 0.999285796037
236.118 0.999288328675
236.785 0.999288328675
237.452 0.999290801012
238.119 0.999293393951
238.786 0.999293393951
239.453 0.99929532358
240.12 0.999297795917
240.787 0.999297795917
241.454 0.999299906449
242.121 0.999302800893
242.788 0.999302800893
243.455 0.999304730522
244.122 0.999307202859
244.789 0.999307202859
245.456 0.999309735497
246.123 0.999312871145
246.79 0.999312871145
247.457 0.999320710263
248.124 0.999332589542
248.791 0.999332589542
249.458 0.99933578549
250.125 0.999339222642
250.792 0.999339222642
251.459 0.999341875882
252.126 0.999344890927
252.793 0.999344890927
253.46 0.999348448681
254.127 0.999350498912
254.794 0.999350498912
255.461 0.999353936063
256.128 0.999356227498
256.795 0.999356227498
257.462 0.999358277729
258.129 0.999360930969
258.796 0.999360930969
259.463 0.999363282704
260.13 0.999365755042
260.797 0.999365755042
261.464 0.999368589184
262.131 0.999371302725
262.798 0.999371302725
263.465 0.999374317771
264.132 0.999376428302
264.799 0.999376428302
265.466 0.999378357931
266.133 0.99938089057
266.8 0.99938089057
267.467 0.999382096588
268.134 0.999385292536
268.801 0.999385292536
269.468 0.999387825174
270.135 0.999389875405
270.802 0.999389875405
271.469 0.999391382928
272.136 0.999393614061
272.803 0.999393614061
273.47 0.999395302487
274.137 0.999397292417
274.804 0.999397292417
275.471 0.999399764754
276.138 0.999401392879
276.805 0.999401392879
277.472 0.999403865216
278.139 0.999405915447
278.806 0.999405915447
279.473 0.99940814658
280.14 0.999409654103
280.807 0.999409654103
281.474 0.999412005839
282.141 0.999414056069
282.808 0.999414056069
283.475 0.999415503291
284.142 0.999417855027
284.809 0.999417855027
285.476 0.999419362549
286.143 0.999420508267
286.81 0.999420508267
287.477 0.999422015789
288.144 0.999424126321
288.811 0.999424126321
289.478 0.999428588588
290.145 0.999430397616
290.812 0.999430397616
291.479 0.999433111157
292.146 0.999434739281
292.813 0.999434739281
293.48 0.999437030716
294.147 0.999438900044
294.814 0.999438900044
295.481 0.999440407567
296.148 0.999442156293
296.815 0.999442156293
297.482 0.999444447727
298.149 0.999446256755
298.816 0.999446256755
299.483 0.999448065782
300.15 0.999450055712
300.817 0.999450055712
301.484 0.999451442633
302.151 0.999453673767
302.818 0.999453673767
303.485 0.999455543095
304.152 0.999457352122
304.819 0.999457352122
305.486 0.999459040547
306.153 0.999459824459
306.82 0.999459824459
307.487 0.999461573186
308.154 0.999463442514
308.821 0.999463442514
309.488 0.999465733948
310.155 0.99946850779
310.822 0.99946850779
311.489 0.999470075614
312.156 0.999471522836
312.823 0.999471522836
313.49 0.999474176076
314.157 0.999475924802
314.824 0.999475924802
315.491 0.999478095635
316.158 0.999480507671
316.825 0.999480507671
317.492 0.999482196096
318.159 0.999484125725
318.826 0.999484125725
319.493 0.999486718665
320.16 0.999488587993
320.827 0.999488587993
321.494 0.99949039702
322.161 0.99949238695
322.828 0.99949238695
323.495 0.999494437181
324.162 0.999496849217
324.829 0.999496849217
325.496 0.999499381855
326.163 0.999501432086
326.83 0.999501432086
327.497 0.999503844123
328.164 0.999508668195
328.831 0.999508668195
329.498 0.999522537404
330.165 0.999613652078
330.832 0.999613652078
331.499 0.999636506122
332.166 0.999641571398
332.833 0.999641571398
333.5 0.999681008193
334.167 0.999697711544
334.834 0.999697711544
335.501 0.999700304483
336.168 0.999702897422
336.835 0.999702897422
337.502 0.999705430061
338.169 0.99970735969
338.836 0.99970735969
339.503 0.999709289319
340.17 0.999710615939
340.837 0.999710615939
341.504 0.999711701355
342.171 0.999713208878
342.838 0.999713208878
343.505 0.999714595799
344.172 0.99971664603
344.839 0.99971664603
345.506 0.999718575659
346.173 0.999720324385
346.84 0.999720324385
347.507 0.999722676121
348.174 0.99972460575
348.841 0.99972460575
349.508 0.999726173573
350.175 0.999728103202
350.842 0.999728103202
351.509 0.999730454938
352.176 0.999731781558
352.843 0.999731781558
353.51 0.999733590585
354.177 0.999735580515
354.844 0.999735580515
355.511 0.999737811649
356.178 0.999740223685
356.845 0.999740223685
357.512 0.999741731208
358.179 0.999743299031
358.846 0.999743299031
359.513 0.999745349262
360.18 0.999746796484
360.847 0.999746796484
361.514 0.999748665812
362.181 0.999750173335
362.848 0.999750173335
363.515 0.999751741159
364.182 0.999753429584
364.849 0.999753429584
365.516 0.999755238611
366.183 0.99975716824
366.85 0.99975716824
367.517 0.999759037569
368.184 0.999760605392
368.851 0.999760605392
369.518 0.999762173216
370.185 0.999764404349
370.852 0.999764404349
371.519 0.999767178191
372.186 0.999769288723
372.853 0.999769288723
373.52 0.999770796246
374.187 0.999772122866
374.854 0.999772122866
375.521 0.999773871592
376.188 0.999775620318
376.855 0.999775620318
377.522 0.999777549948
378.189 0.999779178072
378.856 0.999779178072
379.523 0.9997810474
380.19 0.999782434321
380.857 0.999782434321
381.524 0.999784484552
382.191 0.999785871473
382.858 0.999785871473
383.525 0.999787439297
384.192 0.999788946819
384.859 0.999788946819
385.526 0.999790635245
386.193 0.999792142767
386.86 0.999792142767
387.527 0.999793529688
388.194 0.99979497691
388.861 0.99979497691
389.528 0.999796182928
390.195 0.999797871354
390.862 0.999797871354
391.529 0.999799800983
392.196 0.999801067302
392.863 0.999801067302
393.53 0.999802092417
394.197 0.99980359994
394.864 0.99980359994
395.531 0.999805710472
396.198 0.999807278296
396.865 0.999807278296
397.532 0.999809207925
398.199 0.999810353642
398.866 0.999810353642
399.533 0.999812042067
400.2 0.999813609891
400.867 0.999813609891
401.534 0.999814815909
402.201 0.99981620283
402.868 0.99981620283
403.535 0.999817288246
404.202 0.999818433964
404.869 0.999818433964
405.536 0.999819579681
406.203 0.999820604796
406.87 0.999820604796
407.537 0.999821750514
408.204 0.999822534425
408.871 0.999822534425
409.538 0.999823137435
410.205 0.999824584656
410.872 0.999824584656
411.539 0.999825670073
412.206 0.999829167525
412.873 0.999829167525
413.54 0.999833207686
414.207 0.999834534306
414.874 0.999834534306
415.541 0.999835740325
416.208 0.99983941868
416.875 0.99983941868
417.542 0.999840865902
418.209 0.999842252823
418.876 0.999842252823
419.543 0.999843579443
420.21 0.999845026664
420.877 0.999845026664
421.544 0.999845750275
422.211 0.999846775391
422.878 0.999846775391
423.545 0.999847981409
424.212 0.999848825622
424.879 0.999848825622
425.546 0.999849790436
426.213 0.999851177357
426.88 0.999851177357
427.547 0.999852383375
428.214 0.999853287889
428.881 0.999853287889
429.548 0.99985467481
430.215 0.99985533812
430.882 0.99985533812
431.549 0.999856122032
432.216 0.999857147147
432.883 0.999857147147
433.55 0.999858172263
434.217 0.999859498883
434.884 0.999859498883
435.551 0.999860704901
436.218 0.999861730016
436.885 0.999861730016
437.552 0.999863237539
438.219 0.999864564159
438.886 0.999864564159
439.553 0.999865227469
440.22 0.99986595108
440.887 0.99986595108
441.554 0.999867157098
442.221 0.999867820408
442.888 0.999867820408
443.555 0.999869026426
444.222 0.999870292745
444.889 0.999870292745
445.556 0.999871197259
446.223 0.999872041472
446.89 0.999872041472
447.557 0.999873006286
448.224 0.999873729897
448.891 0.999873729897
449.558 0.999874996216
450.225 0.999876383137
450.892 0.999876383137
451.559 0.999877347952
452.226 0.999878614271
452.893 0.999878614271
453.56 0.999879518784
454.227 0.999881569015
454.894 0.999881569015
455.561 0.999882654432
456.228 0.999883438343
456.895 0.999883438343
457.562 0.99988452376
458.229 0.999886091583
458.896 0.999886091583
459.563 0.999887478504
460.23 0.999888624222
460.897 0.999888624222
461.564 0.999889287531
462.231 0.999890252346
462.898 0.999890252346
463.565 0.999891096559
464.232 0.999891940771
464.899 0.999891940771
465.566 0.999892664382
466.233 0.999893207091
466.9 0.999893207091
467.567 0.999893689498
468.234 0.999894654312
468.901 0.999894654312
469.568 0.999895739729
470.235 0.999896282437
470.902 0.999896282437
471.569 0.999896945747
472.236 0.999897669358
472.903 0.999897669358
473.57 0.999898332668
474.237 0.999899297482
474.904 0.999899297482
475.571 0.999899598987
476.238 0.999900382899
476.905 0.999900382899
477.572 0.999900865306
478.239 0.999901709519
478.906 0.999901709519
479.573 0.999902553731
480.24 0.99990309644
480.907 0.99990309644
481.574 0.999903397944
482.241 0.99990375975
482.908 0.99990375975
483.575 0.999904362759
484.242 0.999904845166
484.909 0.999904845166
485.576 0.999905629078
486.243 0.999906292388
486.91 0.999906292388
487.577 0.999906774795
488.244 0.999907257202
488.911 0.999907257202
489.578 0.999907679309
490.245 0.99990840292
490.912 0.99990840292
491.579 0.999908825026
492.246 0.999909428035
492.913 0.999909428035
493.58 0.999910694354
494.247 0.999914493311
494.914 0.999914493311
495.581 0.99992637259
496.248 0.999929628839
496.915 0.999929628839
497.582 0.99993035245
498.249 0.999944040757
498.916 0.999944040757
499.583 0.999951638671
500.25 0.999953507999
500.917 0.999953507999
501.584 0.999954111008
502.251 0.999954714018
502.918 0.999954714018
503.585 0.999955015522
504.252 0.99995555823
504.919 0.99995555823
505.586 0.999956040638
506.253 0.999956523045
506.92 0.999956523045
507.587 0.99995688485
508.254 0.999957065753
508.921 0.999957065753
509.588 0.999957608461
510.255 0.999957789364
510.922 0.999957789364
511.589 0.999957970267
512.256 0.999958392373
512.923 0.999958392373
513.59 0.999958512975
514.257 0.999958512975
514.924 0.999958512975
515.591 0.999958754178
516.258 0.999959236586
516.925 0.999959236586
517.592 0.999959357187
518.259 0.999959598391
518.926 0.999959598391
519.593 0.999960020497
520.26 0.999960322002
520.927 0.999960322002
521.594 0.999960322002
522.261 0.999960442604
522.928 0.999960442604
523.595 0.999960563206
524.262 0.99996086471
524.929 0.99996086471
525.596 0.999961166215
526.263 0.999961407418
526.93 0.999961407418
527.597 0.999961588321
528.264 0.999961769224
528.931 0.999961769224
529.598 0.999961829525
530.265 0.99996219133
530.932 0.99996219133
531.599 0.999962311932
532.266 0.999962613437
532.933 0.999962613437
533.6 0.999962975242
534.267 0.999963156145
534.934 0.999963156145
535.601 0.999963457649
536.268 0.999964000357
536.935 0.999964000357
537.602 0.999964543066
538.269 0.999964543066
538.936 0.999964543066
539.603 0.999964904871
540.27 0.999965809385
540.937 0.999965809385
541.604 0.999966110889
542.271 0.999966291792
542.938 0.999966291792
543.605 0.999966532996
544.272 0.999966774199
544.939 0.999966774199
545.606 0.999967015403
546.273 0.999967136005
546.94 0.999967136005
547.607 0.999967437509
548.274 0.999967678713
548.941 0.999967678713
549.608 0.999967739014
550.275 0.999968040518
550.942 0.999968040518
551.609 0.999968221421
552.276 0.999968342023
552.943 0.999968342023
553.61 0.999968643527
554.277 0.999969186236
554.944 0.999969186236
555.611 0.999969367138
556.278 0.999969668643
556.945 0.999969668643
557.612 0.99997015105
558.279 0.999970452555
558.946 0.999970452555
559.613 0.999970573157
560.28 0.999970754059
560.947 0.999970754059
561.614 0.999971115865
562.281 0.999971357068
562.948 0.999971357068
563.615 0.99997147767
564.282 0.999971537971
564.949 0.999971537971
565.616 0.999971537971
566.283 0.999971718874
566.95 0.999971718874
567.617 0.999971960077
568.284 0.999972261582
568.951 0.999972261582
569.618 0.999972442485
570.285 0.999972743989
570.952 0.999972743989
571.619 0.999972743989
572.286 0.999972985193
572.953 0.999972985193
573.62 0.999973286697
574.287 0.999973588202
574.954 0.999973588202
575.621 0.999973889707
576.288 0.999975095725
576.955 0.999975095725
577.622 0.999976482646
578.289 0.999978351974
578.956 0.999978351974
579.623 0.999978532876
580.29 0.999979075585
580.957 0.999979075585
581.624 0.999983899657
582.291 0.999985045375
582.958 0.999985045375
583.625 0.999985588083
584.292 0.999985889587
584.959 0.999985889587
585.626 0.99998607049
586.293 0.99998607049
586.96 0.99998607049
587.627 0.999986311694
588.294 0.999986673499
588.961 0.999986673499
589.628 0.999986794101
590.295 0.999986794101
590.962 0.999986794101
591.629 0.999986975004
592.296 0.999987155906
592.963 0.999987155906
593.63 0.999987336809
594.297 0.999987698615
594.964 0.999987698615
595.631 0.999987879517
596.298 0.999988000119
596.965 0.999988000119
597.632 0.99998806042
598.299 0.999988181022
598.966 0.999988181022
599.633 0.999988422226
600.3 0.999988542827
600.967 0.999988542827
601.634 0.999988663429
602.301 0.999988904633
602.968 0.999988904633
603.635 0.999989085536
604.302 0.99998938704
604.969 0.99998938704
605.636 0.999989688545
606.303 0.999989929748
606.97 0.999989929748
607.637 0.999990110651
608.304 0.999990170952
608.971 0.999990170952
609.638 0.999990291554
610.305 0.999990351855
610.972 0.999990351855
611.639 0.999990412156
612.306 0.999990834262
612.973 0.999990834262
613.64 0.99999137697
614.307 0.999991738775
614.974 0.999991738775
615.641 0.999991799076
616.308 0.999991799076
616.975 0.999991799076
617.642 0.999991979979
618.309 0.999992221183
618.976 0.999992221183
619.643 0.999992763891
620.31 0.999993185997
620.977 0.999993185997
621.644 0.999993246298
622.311 0.999993728705
622.978 0.999993728705
623.645 0.999994090511
624.312 0.999994331715
624.979 0.999994331715
625.646 0.999994512617
626.313 0.999994633219
626.98 0.999994633219
627.647 0.999994753821
628.314 0.999994934724
628.981 0.999994934724
629.648 0.999995055325
630.315 0.99999535683
630.982 0.99999535683
631.649 0.999995417131
632.316 0.999995718635
632.983 0.999995718635
633.65 0.999995899538
634.317 0.999996201043
634.984 0.999996201043
635.651 0.99999668345
636.318 0.999996743751
636.985 0.999996743751
637.652 0.999996743751
638.319 0.999996924654
638.986 0.999996924654
639.653 0.999996924654
640.32 0.999997045255
640.987 0.999997045255
641.654 0.999997165857
642.321 0.999997286459
642.988 0.999997286459
643.655 0.999997768866
644.322 0.999997829167
644.989 0.999997829167
645.656 0.99999801007
646.323 0.999998190973
646.99 0.999998190973
647.657 0.999998251274
648.324 0.999998371875
648.991 0.999998371875
649.658 0.999998432176
650.325 0.999998613079
650.992 0.999998613079
651.659 0.999998733681
652.326 0.999998733681
652.993 0.999998733681
653.66 0.999998733681
654.327 0.999998854283
654.994 0.999998854283
655.661 0.999999035185
656.328 0.999999276389
656.995 0.999999276389
657.662 0.999999276389
658.329 0.999999457292
658.996 0.999999457292
659.663 0.999999517593
660.33 0.999999517593
660.997 0.999999517593
661.664 0.999999577894
662.331 0.999999638195
662.998 0.999999638195
663.665 0.999999758796
664.332 0.999999758796
664.999 0.999999758796
665.666 0.999999758796
666.333 0.999999819097
667.0 0.999999819097
667.0 1.0
