0.0 0.5220230376
0.683 0.5220230376
1.366 0.662358086334
2.049 0.738949828317
2.732 0.738949828317
3.415 0.768012755813
4.098 0.802164175495
4.781 0.802164175495
5.464 0.841535362443
6.147 0.874202414955
6.83 0.874202414955
7.513 0.90325864905
8.196 0.919297906871
8.879 0.919297906871
9.562 0.930556749849
10.245 0.939334632537
10.928 0.939334632537
11.611 0.948476853315
12.294 0.955111038696
12.977 0.955111038696
13.66 0.960758339405
14.343 0.965345972243
15.026 0.969340183838
15.709 0.969340183838
16.392 0.972292154526
17.075 0.974329179525
17.758 0.974329179525
18.441 0.976024780779
19.124 0.97742424427
19.807 0.97742424427
20.49 0.978734944823
21.173 0.979874149591
21.856 0.979874149591
22.539 0.98070612123
23.222 0.981392647076
23.905 0.981392647076
24.588 0.981937224583
25.271 0.982401722483
25.954 0.982401722483
26.637 0.982827929307
27.32 0.983195403045
28.003 0.983519218925
28.686 0.983519218925
29.369 0.983819999858
30.052 0.984104981953
30.735 0.984104981953
31.418 0.984352939289
32.101 0.984584253575
32.784 0.984584253575
33.467 0.984797417288
34.15 0.984990138992
34.833 0.984990138992
35.516 0.98517978535
36.199 0.985353934375
36.882 0.985353934375
37.565 0.985517952847
38.248 0.985679921088
38.931 0.985679921088
39.614 0.985828743731
40.297 0.985978772392
40.98 0.985978772392
41.663 0.986128137743
42.346 0.986268759462
43.029 0.986397863708
43.712 0.986397863708
44.395 0.986530525707
45.078 0.986650645117
45.761 0.986650645117
46.444 0.986770583625
47.127 0.986890100026
47.81 0.986890100026
48.493 0.987008772214
49.176 0.987121354011
49.859 0.987121354011
50.542 0.987232910692
51.225 0.98733891969
51.908 0.98733891969
52.591 0.987441913642
53.274 0.987543400072
53.957 0.987543400072
54.64 0.98764150965
55.323 0.987730875597
56.006 0.987823075686
56.689 0.987823075686
57.372 0.987912622536
58.055 0.987999938252
58.738 0.987999938252
59.421 0.988082852001
60.104 0.988168418991
60.787 0.988168418991
61.47 0.988250850333
62.153 0.988333161074
62.836 0.988333161074
63.519 0.988413964291
64.202 0.988495129315
64.885 0.988495129315
65.568 0.988569359733
66.251 0.988646544897
66.934 0.988646544897
67.617 0.988722343139
68.3 0.98879609115
68.983 0.98879609115
69.666 0.988868934648
70.349 0.988940089721
71.032 0.989013234723
71.715 0.989013234723
72.398 0.989083786786
73.081 0.989154580053
73.764 0.989154580053
74.447 0.989224408505
75.13 0.9892970711
75.813 0.9892970711
76.496 0.989367924668
77.179 0.989438778236
77.862 0.989438778236
78.545 0.989511079026
79.228 0.989582475302
79.911 0.989582475302
80.594 0.989652303754
81.277 0.989724242738
81.96 0.989724242738
82.643 0.989796845032
83.326 0.989888984821
84.009 0.989962913735
84.692 0.989962913735
85.375 0.990032500984
86.058 0.990102630941
86.741 0.990102630941
87.424 0.990164439372
88.107 0.990231493983
88.79 0.990231493983
89.473 0.990299573709
90.156 0.990362286654
90.839 0.990362286654
91.522 0.990432537213
92.205 0.990502305364
92.888 0.990502305364
93.571 0.990566767036
94.254 0.990629902087
94.937 0.990629902087
95.62 0.990694363758
96.303 0.990761659573
96.986 0.990761659573
97.669 0.99082581974
98.352 0.990887326667
99.035 0.990952813453
99.718 0.990952813453
100.401 0.99101498369
101.084 0.991075586104
101.767 0.991075586104
102.45 0.99113835935
103.133 0.991202821021
103.816 0.991202821021
104.499 0.991263001328
105.182 0.991323543441
105.865 0.991323543441
106.548 0.991381070508
107.231 0.99143630614
107.914 0.99143630614
108.597 0.991490757861
109.28 0.991542435739
109.963 0.991542435739
110.646 0.991599299496
111.329 0.991652002491
112.012 0.991705308494
112.695 0.991705308494
113.378 0.991756865771
114.061 0.991807036127
114.744 0.991807036127
115.427 0.99186094514
116.11 0.991913045125
116.793 0.991913045125
117.476 0.99196249187
118.159 0.992011335606
118.842 0.992011335606
119.525 0.992058370315
120.208 0.992104018103
120.891 0.992104018103
121.574 0.992151414617
122.257 0.992201042265
122.94 0.992201042265
123.623 0.992252177436
124.306 0.99230090057
124.989 0.99230090057
125.672 0.992347694075
126.355 0.992394366979
127.038 0.992440798678
127.721 0.992440798678
128.404 0.992487773086
129.087 0.992533239971
129.77 0.992533239971
130.453 0.992577139033
131.136 0.992622967724
131.819 0.992622967724
132.502 0.992665479864
133.185 0.99270630358
133.868 0.99270630358
134.551 0.992748453915
135.234 0.9927939208
135.917 0.9927939208
136.6 0.992837759561
137.283 0.992880211401
137.966 0.992880211401
138.649 0.992919648195
139.332 0.992960049804
140.015 0.993001657431
140.698 0.993001657431
141.381 0.993039586702
142.064 0.993077877779
142.747 0.993077877779
143.43 0.993118882397
144.113 0.993159223705
144.796 0.993159223705
145.479 0.993198962004
146.162 0.993238820905
146.845 0.993238820905
147.528 0.993282539064
148.211 0.993322458265
148.894 0.993322458265
149.577 0.993362377467
150.26 0.993405311714
150.943 0.993405311714
151.626 0.993444748508
152.309 0.993485150117
152.992 0.993485150117
153.675 0.993523682398
154.358 0.993562817688
155.041 0.993601169066
155.724 0.993601169066
156.407 0.99363861593
157.09 0.993675520086
157.773 0.993675520086
158.456 0.99371091672
159.139 0.993748604788
159.822 0.993748604788
160.505 0.993786111953
161.188 0.993826091455
161.871 0.993826091455
162.554 0.99385955846
163.237 0.993897487731
163.92 0.993897487731
164.603 0.993939638067
165.286 0.994052883173
165.969 0.994052883173
166.652 0.994159314277
167.335 0.994202308825
168.018 0.994242831036
168.701 0.994242831036
169.384 0.99428160452
170.067 0.994318146871
170.75 0.994318146871
171.433 0.994354689222
172.116 0.994389904953
172.799 0.994389904953
173.482 0.9944262664
174.165 0.994462024839
174.848 0.994462024839
175.531 0.994497662676
176.214 0.994531973894
176.897 0.994531973894
177.58 0.994565742402
178.263 0.994597520981
178.946 0.994597520981
179.629 0.99462863625
180.312 0.994661741449
180.995 0.994661741449
181.678 0.994692615515
182.361 0.994726323723
183.044 0.994759187718
183.727 0.994759187718
184.41 0.994792112014
185.093 0.994824734806
185.776 0.994824734806
186.459 0.994856754588
187.142 0.994890281893
187.825 0.994890281893
188.508 0.994922361977
189.191 0.994956130486
189.874 0.994956130486
190.557 0.994988873879
191.24 0.995021858476
191.923 0.995021858476
192.606 0.995055626985
193.289 0.995087646768
193.972 0.995087646768
194.655 0.995120450462
195.338 0.995152349643
196.021 0.995182439796
196.704 0.995182439796
197.387 0.995215605296
198.07 0.995247805982
198.753 0.995247805982
199.436 0.995279041852
200.119 0.99531407668
200.802 0.99531407668
201.485 0.995348990907
202.168 0.995383543327
202.851 0.995383543327
203.534 0.995418698757
204.217 0.995450417035
204.9 0.995450417035
205.583 0.995482376517
206.266 0.995518617363
206.949 0.995518617363
207.632 0.995557632051
208.315 0.995591159356
208.998 0.995591159356
209.681 0.995622515829
210.364 0.995654535611
211.047 0.995685952385
211.73 0.995685952385
212.413 0.99571748976
213.096 0.995750293454
213.779 0.995750293454
214.462 0.995782976547
215.145 0.995818011375
215.828 0.995818011375
216.511 0.995851960787
217.194 0.995887598624
217.877 0.995887598624
218.56 0.995920643522
219.243 0.995954773836
219.926 0.995954773836
220.609 0.995985527299
221.292 0.996017124976
221.975 0.996017124976
222.658 0.996048843254
223.341 0.996079476115
224.024 0.99611227981
224.707 0.99611227981
225.39 0.99614285237
226.073 0.99617402794
226.756 0.99617402794
227.439 0.996207374343
228.122 0.99623637908
228.805 0.99623637908
229.488 0.996265625021
230.171 0.996295715174
230.854 0.996295715174
231.537 0.996326830443
232.22 0.99635649849
232.903 0.99635649849
233.586 0.996389241884
234.269 0.996420538055
234.952 0.996420538055
235.635 0.996450145802
236.318 0.996476436998
237.001 0.996507914072
237.684 0.996507914072
238.367 0.99653830573
239.05 0.996565441139
239.733 0.996565441139
240.416 0.996590827822
241.099 0.996618264735
241.782 0.996618264735
242.465 0.996645279542
243.148 0.996672957659
243.831 0.996672957659
244.514 0.996699369458
245.197 0.996729278708
245.88 0.996729278708
246.563 0.996759489464
247.246 0.996794584592
247.929 0.996794584592
248.612 0.996844513745
249.295 0.99687207126
249.978 0.99687207126
250.661 0.996902101113
251.344 0.996932673674
252.027 0.996961919614
252.71 0.996961919614
253.393 0.99698947713
254.076 0.997017034645
254.759 0.997017034645
255.442 0.997044471558
256.125 0.997070521551
256.808 0.997070521551
257.491 0.997097355455
258.174 0.997123646652
258.857 0.997123646652
259.54 0.997149998149
260.223 0.997178339576
260.906 0.997178339576
261.589 0.997205414684
262.272 0.997231585278
262.955 0.997231585278
263.638 0.997258720687
264.321 0.997286640008
265.004 0.997313112107
265.687 0.997313112107
266.37 0.997340910826
267.053 0.997366056305
267.736 0.997366056305
268.419 0.997392166598
269.102 0.997418638697
269.785 0.997418638697
270.468 0.997442457556
271.151 0.997468386947
271.834 0.997468386947
272.517 0.997493472125
273.2 0.997516868878
273.883 0.997516868878
274.566 0.997538697807
275.249 0.997562516666
275.932 0.997562516666
276.615 0.997584586798
277.298 0.997608526259
277.981 0.997608526259
278.664 0.997629933082
279.347 0.997655440366
280.03 0.997677148693
280.713 0.997677148693
281.396 0.997697108294
282.079 0.997715680974
282.762 0.997715680974
283.445 0.997736364186
284.128 0.997758675522
284.811 0.997758675522
285.494 0.997779599937
286.177 0.997798835927
286.86 0.997798835927
287.543 0.997819458838
288.226 0.99783815212
288.909 0.99783815212
289.592 0.997860644359
290.275 0.997881086367
290.958 0.997881086367
291.641 0.997899538445
292.324 0.997916422699
293.007 0.997932703945
293.69 0.997932703945
294.373 0.997949407296
295.056 0.997966050347
295.739 0.997966050347
296.422 0.997985286337
297.105 0.998004582628
297.788 0.998004582628
298.471 0.99802128598
299.154 0.998038471739
299.837 0.998038471739
300.52 0.998054933887
301.203 0.998070612123
301.886 0.998070612123
302.569 0.998084300429
303.252 0.998100461073
303.935 0.998100461073
304.618 0.998116320212
305.301 0.998132299953
305.984 0.998132299953
306.667 0.99814604856
307.35 0.998161425292
308.033 0.998176621121
308.716 0.998176621121
309.399 0.998191213941
310.082 0.998208339399
310.765 0.998208339399
311.448 0.998221665899
312.131 0.99823565571
312.814 0.99823565571
313.497 0.998249042512
314.18 0.998263575031
314.863 0.998263575031
315.546 0.99827611762
316.229 0.998289564723
316.912 0.998289564723
317.595 0.998302529418
318.278 0.998314710202
318.961 0.998314710202
319.644 0.998327433693
320.327 0.998339493875
321.01 0.998351855561
321.693 0.998351855561
322.376 0.998362890628
323.059 0.998375975925
323.742 0.998375975925
324.425 0.998388699417
325.108 0.998400035988
325.791 0.998400035988
326.474 0.998412518276
327.157 0.998424156351
327.84 0.998424156351
328.523 0.998437181347
329.206 0.998456477638
329.889 0.998456477638
330.572 0.998575571933
331.255 0.998675369937
331.938 0.998675369937
332.621 0.998700636018
333.304 0.998764554981
333.987 0.998764554981
334.67 0.998849157156
335.353 0.998862302754
336.036 0.998874785042
336.719 0.998874785042
337.402 0.998886483419
338.085 0.998896794874
338.768 0.998896794874
339.451 0.998908010843
340.134 0.998918201697
340.817 0.998918201697
341.5 0.998928754356
342.183 0.998937859793
342.866 0.998937859793
343.549 0.998948533054
344.232 0.998958000296
344.915 0.998958000296
345.598 0.998967588141
346.281 0.998976572976
346.964 0.998976572976
347.647 0.998985075404
348.33 0.998993939638
349.013 0.999001839057
349.696 0.999001839057
350.379 0.999009859078
351.062 0.999019024816
351.745 0.999019024816
352.428 0.999027466943
353.111 0.999034944256
353.794 0.999034944256
354.477 0.999042662772
355.16 0.999050260687
355.843 0.999050260687
356.526 0.999057738
357.209 0.999064853507
357.892 0.999064853507
358.575 0.999072572023
359.258 0.999080109637
359.941 0.999080109637
360.624 0.99908764725
361.307 0.999095727572
361.99 0.999095727572
362.673 0.999102541575
363.356 0.999109898286
364.039 0.999117194696
364.722 0.999117194696
365.405 0.999124430805
366.088 0.999131606613
366.771 0.999131606613
367.454 0.999138541217
368.137 0.999144149202
368.82 0.999144149202
369.503 0.999150360195
370.186 0.999158139013
370.869 0.999158139013
371.552 0.999165978131
372.235 0.999173576045
372.918 0.999173576045
373.601 0.999180088543
374.284 0.999187505555
374.967 0.999187505555
375.65 0.999193656248
376.333 0.999199445135
377.016 0.999205475226
377.699 0.999205475226
378.382 0.999210299299
379.065 0.999216570593
379.748 0.999216570593
380.431 0.999222600684
381.114 0.999228570474
381.797 0.999228570474
382.48 0.999234600565
383.163 0.999240690957
383.846 0.999240690957
384.529 0.999245937136
385.212 0.999251002412
385.895 0.999251002412
386.578 0.999256610397
387.261 0.999261132965
387.944 0.999261132965
388.627 0.999264931922
389.31 0.9992701178
389.993 0.9992701178
390.676 0.999274580067
391.359 0.999279765946
392.042 0.999285132727
392.725 0.999285132727
393.408 0.999289594994
394.091 0.999293514553
394.774 0.999293514553
395.457 0.999298338626
396.14 0.999303403902
396.823 0.999303403902
397.506 0.999307444063
398.189 0.999311423923
398.872 0.999311423923
399.555 0.999315644986
400.238 0.999319986652
400.921 0.999319986652
401.604 0.999324388618
402.287 0.99932848908
402.97 0.99932848908
403.653 0.999332830745
404.336 0.999337835721
405.019 0.99934241859
405.702 0.99934241859
406.385 0.999346217547
407.068 0.999349594398
407.751 0.999349594398
408.434 0.999354599373
409.117 0.999358217428
409.8 0.999358217428
410.483 0.999361353075
411.166 0.999364368121
411.849 0.999364368121
412.532 0.9993696143
413.215 0.999380528764
413.898 0.999380528764
414.581 0.999385835244
415.264 0.999389996007
415.947 0.999389996007
416.63 0.999398619037
417.313 0.999402719499
417.996 0.999402719499
418.679 0.999406639058
419.362 0.999409774705
420.045 0.99941278975
420.728 0.99941278975
421.411 0.999416468106
422.094 0.999420447966
422.777 0.999420447966
423.46 0.999423643914
424.143 0.999426176552
424.826 0.999426176552
425.509 0.99942870919
426.192 0.99943136243
426.875 0.99943136243
427.558 0.999434256874
428.241 0.999436910114
428.924 0.999436910114
429.607 0.999440528168
430.29 0.999444327126
430.973 0.999444327126
431.656 0.999447643676
432.339 0.999451382332
433.022 0.999454216475
433.705 0.999454216475
434.388 0.999458437538
435.071 0.999461151079
435.754 0.999461151079
436.437 0.999464950036
437.12 0.999468929896
437.803 0.999468929896
438.486 0.999471764039
439.169 0.999475321793
439.852 0.999475321793
440.535 0.999479361954
441.218 0.999482738805
441.901 0.999482738805
442.584 0.999486356859
443.267 0.999488949798
443.95 0.999488949798
444.633 0.999492809056
445.316 0.999496788916
445.999 0.999496788916
446.682 0.99949968336
447.365 0.999502457202
448.048 0.999505170743
448.731 0.999505170743
449.414 0.999507884284
450.097 0.999511080232
450.78 0.999511080232
451.463 0.999513914374
452.146 0.999517050022
452.829 0.999517050022
453.512 0.999519642961
454.195 0.999523080113
454.878 0.999523080113
455.561 0.999526939371
456.244 0.999530497124
456.927 0.999530497124
457.61 0.999534416683
458.293 0.999537914136
458.976 0.999537914136
459.659 0.999540386473
460.342 0.999543341218
461.025 0.99954677837
461.708 0.99954677837
462.391 0.999549672813
463.074 0.999552627558
463.757 0.999552627558
464.44 0.999555220497
465.123 0.999558537047
465.806 0.999558537047
466.489 0.999561190287
467.172 0.99956408473
467.855 0.99956408473
468.538 0.999567461581
469.221 0.999569933919
469.904 0.999569933919
470.587 0.999572406256
471.27 0.999575119797
471.953 0.999575119797
472.636 0.999577230329
473.319 0.999580245374
474.002 0.999583501623
474.685 0.999583501623
475.368 0.999586396067
476.051 0.999589049307
476.734 0.999589049307
477.417 0.999592546759
478.1 0.999595803009
478.783 0.999595803009
479.466 0.999598456248
480.149 0.999601410993
480.832 0.999601410993
481.515 0.999604486339
482.198 0.999606717473
482.881 0.999606717473
483.564 0.999609732518
484.247 0.99961250636
484.93 0.99961250636
485.613 0.999615280202
486.296 0.999618295247
486.979 0.999618295247
487.662 0.999620707284
488.345 0.999624265037
489.028 0.999626797676
489.711 0.999626797676
490.394 0.999629993624
491.077 0.999632707165
491.76 0.999632707165
492.443 0.999635179502
493.126 0.99963837545
493.809 0.99963837545
494.492 0.999643199523
495.175 0.999671782154
495.858 0.999671782154
496.541 0.999687520691
497.224 0.999692405064
497.907 0.999692405064
498.59 0.999713208878
499.273 0.999734676001
499.956 0.999734676001
500.639 0.999738655861
501.322 0.999741791509
502.005 0.999744022642
502.688 0.999744022642
503.371 0.999747640697
504.054 0.999751319052
504.737 0.999751319052
505.42 0.999754394399
506.103 0.999756987338
506.786 0.999756987338
507.469 0.999760424489
508.152 0.999763620438
508.835 0.999763620438
509.518 0.999766032474
510.201 0.999768746015
510.884 0.999768746015
511.567 0.999771399255
512.25 0.999774534902
512.933 0.999774534902
513.616 0.99977706754
514.299 0.999779358975
514.982 0.999779358975
515.665 0.999782012215
516.348 0.999784846358
517.031 0.999787499597
517.714 0.999787499597
518.397 0.999789610129
519.08 0.999792926679
519.763 0.999792926679
520.446 0.999795881424
521.129 0.999798353761
521.812 0.999798353761
522.495 0.99980028339
523.178 0.999802996931
523.861 0.999802996931
524.544 0.999805167764
525.227 0.999807519499
525.91 0.999807519499
526.593 0.999810172739
527.276 0.999812946581
527.959 0.999812946581
528.642 0.999815117414
529.325 0.999817408848
530.008 0.999819941486
530.691 0.999819941486
531.374 0.999822775629
532.057 0.999825247966
532.74 0.999825247966
533.423 0.999827660003
534.106 0.999830072039
534.789 0.999830072039
535.472 0.999832484075
536.155 0.999834896112
536.838 0.999834896112
537.521 0.999837790555
538.204 0.999840262893
538.887 0.999840262893
539.57 0.999842795531
540.253 0.99984671509
540.936 0.99984671509
541.619 0.99984870502
542.302 0.999851177357
542.985 0.999851177357
543.668 0.999854132102
544.351 0.999856725041
545.034 0.99985865467
545.717 0.99985865467
546.4 0.9998606446
547.083 0.999862453627
547.766 0.999862453627
548.449 0.999864805363
549.132 0.99986661439
549.815 0.99986661439
550.498 0.999869086727
551.181 0.999871378162
551.864 0.999871378162
552.547 0.999872885684
553.23 0.99987523742
553.913 0.99987523742
554.596 0.999877046447
555.279 0.999878674572
555.962 0.999878674572
556.645 0.999880905705
557.328 0.999883378042
558.011 0.99988585038
558.694 0.99988585038
559.377 0.999887116699
560.06 0.999888865425
560.743 0.999888865425
561.426 0.999891096559
562.109 0.999892543781
562.792 0.999892543781
563.475 0.999894232206
564.158 0.999895860331
564.841 0.999895860331
565.524 0.999897488455
566.207 0.999899719589
566.89 0.999899719589
567.573 0.999901890421
568.256 0.999903820051
568.939 0.999903820051
569.622 0.99990580998
570.305 0.999907498406
570.988 0.999907498406
571.671 0.999909247132
572.354 0.99991111646
573.037 0.999912804886
573.72 0.999912804886
574.403 0.999914191807
575.086 0.999915639029
575.769 0.999915639029
576.452 0.99991708625
577.135 0.99991973949
577.818 0.99991973949
578.501 0.999928905229
579.184 0.999931317265
579.867 0.999931317265
580.55 0.999934091107
581.233 0.999942593535
581.916 0.999942593535
582.599 0.999945487978
583.282 0.999946814598
583.965 0.999946814598
584.648 0.999948864829
585.331 0.999950191449
586.014 0.999951518069
586.697 0.999951518069
587.38 0.999953146194
588.063 0.999954111008
588.746 0.999954111008
589.429 0.999955136124
590.112 0.999956040638
590.795 0.999956040638
591.478 0.999957608461
592.161 0.99995887478
592.844 0.99995887478
593.527 0.999959839595
594.21 0.999961467719
594.893 0.999961467719
595.576 0.999963759154
596.259 0.999965085774
596.942 0.999965085774
597.625 0.999966593297
598.308 0.999968100819
598.991 0.999968100819
599.674 0.999969246537
600.357 0.999970090749
601.04 0.999970754059
601.723 0.999970754059
602.406 0.999971598272
603.089 0.999972201281
603.772 0.999972201281
604.455 0.999973166096
605.138 0.999973708804
605.821 0.999973708804
606.504 0.999974191211
607.187 0.999974613317
607.87 0.999974613317
608.553 0.999975156026
609.236 0.999976060539
609.919 0.999976060539
610.602 0.999976301743
611.285 0.999976723849
611.968 0.999976723849
612.651 0.999977266557
613.334 0.999977628363
614.017 0.999978171071
614.7 0.999978171071
615.383 0.999978532876
616.066 0.999978894682
616.749 0.999978894682
617.432 0.999979256487
618.115 0.9999801007
618.798 0.9999801007
619.481 0.999981547922
620.164 0.999982392135
620.847 0.999982392135
621.53 0.999982934843
622.213 0.999984020259
622.896 0.999984020259
623.579 0.999984442366
624.262 0.999984864472
624.945 0.999984864472
625.628 0.999985467481
626.311 0.999986010189
626.994 0.999986010189
627.677 0.999986191092
628.36 0.9999867338
629.043 0.999986975004
629.726 0.999986975004
630.409 0.999987638314
631.092 0.999987939818
631.775 0.999987939818
632.458 0.999988482526
633.141 0.999989025235
633.824 0.999989025235
634.507 0.999989266438
635.19 0.999989809146
635.873 0.999989809146
636.556 0.999990412156
637.239 0.999990834262
637.922 0.999990834262
638.605 0.999991075466
639.288 0.99999137697
639.971 0.99999137697
640.654 0.99999204028
641.337 0.999992582988
642.02 0.999992824192
642.703 0.999992824192
643.386 0.999993728705
644.069 0.999993909608
644.752 0.999993909608
645.435 0.999994331715
646.118 0.999994572918
646.801 0.999994572918
647.484 0.99999469352
648.167 0.999995115626
648.85 0.999995115626
649.533 0.999995417131
650.216 0.999995839237
650.899 0.999995839237
651.582 0.999996080441
652.265 0.99999668345
652.948 0.99999668345
653.631 0.99999734676
654.314 0.999997527663
654.997 0.999997527663
655.68 0.999997708565
656.363 0.999998130672
657.046 0.999998311575
657.729 0.999998311575
658.412 0.999998371875
659.095 0.99999867338
659.778 0.99999867338
660.461 0.999998793982
661.144 0.999999095486
661.827 0.999999095486
662.51 0.999999216088
663.193 0.99999933669
663.876 0.99999933669
664.559 0.99999933669
665.242 0.999999457292
665.925 0.999999457292
666.608 0.999999517593
667.291 0.999999577894
667.974 0.999999577894
668.657 0.999999577894
669.34 0.999999577894
670.023 0.999999577894
670.706 0.999999577894
671.389 0.999999638195
672.072 0.999999698495
672.755 0.999999698495
673.438 0.999999698495
674.121 0.999999698495
674.804 0.999999698495
675.487 0.999999698495
676.17 0.999999758796
676.853 0.999999758796
677.536 0.999999819097
678.219 0.999999819097
678.902 0.999999819097
679.585 0.999999819097
680.268 0.999999819097
680.951 0.999999819097
681.634 0.999999819097
682.317 0.999999819097
683.0 0.999999819097
683.0 1.0
