0.0 0.446744227304
0.689 0.446744227304
1.378 0.587106170242
2.067 0.67566390396
2.756 0.67566390396
3.445 0.702812518806
4.134 0.737383753416
4.823 0.737383753416
5.512 0.775303979896
6.201 0.799315259061
6.89 0.799315259061
7.579 0.829726394275
8.268 0.855786939523
8.957 0.855786939523
9.646 0.883315630997
10.335 0.898176186954
11.024 0.911366287137
11.713 0.911366287137
12.402 0.920248369795
13.091 0.927369243811
13.78 0.927369243811
14.469 0.932848968294
15.158 0.938423606407
15.847 0.938423606407
16.536 0.943490812373
17.225 0.9473478394
17.914 0.9473478394
18.603 0.950511164774
19.292 0.953618832408
19.981 0.953618832408
20.67 0.956313077012
21.359 0.958502120602
22.048 0.960183189337
22.737 0.960183189337
23.426 0.961593687894
24.115 0.962843906635
24.804 0.962843906635
25.493 0.963924137115
26.182 0.964933574328
26.871 0.964933574328
27.56 0.9658209022
28.249 0.966646904049
28.938 0.966646904049
29.627 0.967415800937
30.316 0.968146647951
31.005 0.968814721719
31.694 0.968814721719
32.383 0.969442032073
33.072 0.97002906142
33.761 0.97002906142
34.45 0.970598543202
35.139 0.971111342131
35.828 0.971111342131
36.517 0.971606774397
37.206 0.972071392899
37.895 0.972071392899
38.584 0.972508453886
39.273 0.972912228771
39.962 0.972912228771
40.651 0.973298516393
41.34 0.973672502629
42.029 0.974043775324
42.718 0.974043775324
43.407 0.974397319552
44.096 0.97474151714
44.785 0.97474151714
45.474 0.975071061606
46.163 0.975387339872
46.852 0.975387339872
47.541 0.975691799161
48.23 0.975997464467
48.919 0.975997464467
49.608 0.976297159984
50.297 0.976574544164
50.986 0.976574544164
51.675 0.976844873138
52.364 0.97709711184
53.053 0.977345611885
53.742 0.977345611885
54.431 0.977588503945
55.12 0.97781909462
55.809 0.97781909462
56.498 0.978044318515
57.187 0.97825633651
57.876 0.97825633651
58.565 0.978462987724
59.254 0.978665297273
59.943 0.978665297273
60.632 0.978858139579
61.321 0.979041936749
62.01 0.979236829287
62.699 0.979236829287
63.388 0.979425149025
64.077 0.979594594578
64.766 0.979594594578
65.455 0.979745949859
66.144 0.979893687086
66.833 0.979893687086
67.522 0.980031052556
68.211 0.980167573813
68.9 0.980167573813
69.589 0.980301683035
70.278 0.98043012397
70.967 0.98043012397
71.656 0.980559590021
72.345 0.980685015912
73.034 0.98080501472
73.723 0.98080501472
74.412 0.980927727069
75.101 0.981048871595
75.79 0.981048871595
76.479 0.981170076422
77.168 0.98128675868
77.857 0.98128675868
78.546 0.981402415823
79.235 0.981510414751
79.924 0.981510414751
80.613 0.981616484049
81.302 0.981728583439
81.991 0.981728583439
82.68 0.981843094865
83.369 0.981979736724
84.058 0.982086891439
84.747 0.982086891439
85.436 0.982191272312
86.125 0.982296979805
86.814 0.982296979805
87.503 0.982398345633
88.192 0.982500555673
88.881 0.982500555673
89.57 0.982602403908
90.259 0.982700814991
90.948 0.982700814991
91.637 0.982796030126
92.326 0.982889375933
93.015 0.982981817226
93.704 0.982981817226
94.393 0.983074499723
95.082 0.983170016362
95.771 0.983170016362
96.46 0.983264507886
97.149 0.983353270824
97.838 0.983353270824
98.527 0.983441008646
99.216 0.983524042997
99.905 0.983524042997
100.594 0.983612202926
101.283 0.983698252323
101.972 0.983698252323
102.661 0.983782613294
103.35 0.983867456673
104.039 0.983948018687
104.728 0.983948018687
105.417 0.984030329427
106.106 0.984110951743
106.795 0.984110951743
107.484 0.984190126836
108.173 0.984266648689
108.862 0.984266648689
109.551 0.984341904223
110.24 0.984418305475
110.929 0.984418305475
111.618 0.98449368161
112.307 0.984567550224
112.996 0.984567550224
113.685 0.984639851013
114.374 0.984712151803
115.063 0.984783548079
115.752 0.984783548079
116.441 0.984856029771
117.13 0.984925134613
117.819 0.984925134613
118.508 0.98499128471
119.197 0.98506231918
119.886 0.98506231918
120.575 0.985131906429
121.264 0.985201192173
121.953 0.985201192173
122.642 0.985265895048
123.331 0.985332889358
124.02 0.985400848482
124.709 0.985400848482
125.398 0.985466938278
126.087 0.98553278687
126.776 0.98553278687
127.465 0.98559911787
128.154 0.985660624797
128.843 0.985660624797
129.532 0.985723699548
130.221 0.985784181359
130.91 0.985784181359
131.599 0.98584327625
132.288 0.985903938964
132.977 0.985903938964
133.666 0.985968099131
134.355 0.986031294483
135.044 0.986091957197
135.733 0.986091957197
136.422 0.986150690283
137.111 0.98621292082
137.8 0.98621292082
138.489 0.98627062879
139.178 0.986326648334
139.867 0.986326648334
140.556 0.98638278848
141.245 0.986437300502
141.934 0.986437300502
142.623 0.986492053727
143.312 0.986549882299
144.001 0.986606323949
144.69 0.986606323949
145.379 0.986664936433
146.068 0.986722704703
146.757 0.986722704703
147.446 0.986778060937
148.135 0.986834442287
148.824 0.986834442287
149.513 0.986888290999
150.202 0.986945938667
150.891 0.986945938667
151.58 0.987000993397
152.269 0.987052731577
152.958 0.987052731577
153.647 0.987108630519
154.336 0.987167604808
155.025 0.987222538936
155.714 0.987222538936
156.403 0.987276206745
157.092 0.987331985085
157.781 0.987331985085
158.47 0.987386979514
159.159 0.987441310633
159.848 0.987441310633
160.537 0.987497933186
161.226 0.987551842199
161.915 0.987551842199
162.604 0.987605932114
163.293 0.987662011959
163.982 0.987662011959
164.671 0.987720865646
165.36 0.987824764112
166.049 0.987957968819
166.738 0.987957968819
167.427 0.988027556068
168.116 0.988090510217
168.805 0.988090510217
169.494 0.988151474436
170.183 0.988210870831
170.872 0.988210870831
171.561 0.98826719188
172.25 0.988324839548
172.939 0.988324839548
173.628 0.988382366615
174.317 0.988435672619
175.006 0.988489340427
175.695 0.988489340427
176.384 0.988542947935
177.073 0.988598364471
177.762 0.988598364471
178.451 0.988650042349
179.14 0.988705579486
179.829 0.988705579486
180.518 0.98875225239
181.207 0.988802844852
181.896 0.988802844852
182.585 0.988853256412
183.274 0.988905597601
183.963 0.988905597601
184.652 0.988950823282
185.341 0.989001596647
186.03 0.989054601146
186.719 0.989054601146
187.408 0.989107183539
188.097 0.989157233293
188.786 0.989157233293
189.475 0.989207102145
190.164 0.989256850394
190.853 0.989256850394
191.542 0.989304488112
192.231 0.989354959973
192.92 0.989354959973
193.609 0.989406637852
194.298 0.989457230314
194.987 0.989457230314
195.676 0.989507883078
196.365 0.989558837345
197.054 0.989604183629
197.743 0.989604183629
198.432 0.989655620304
199.121 0.989707840891
199.81 0.989707840891
200.499 0.98975885546
201.188 0.989809568524
201.877 0.989809568524
202.566 0.98986040219
203.255 0.989907436899
203.944 0.989907436899
204.633 0.989957305751
205.322 0.990008139417
206.011 0.99006144542
206.7 0.99006144542
207.389 0.990118128274
208.078 0.990169082542
208.767 0.990169082542
209.456 0.990217865977
210.145 0.990266709713
210.834 0.990266709713
211.523 0.990313744422
212.212 0.990362467557
212.901 0.990362467557
213.59 0.990411733399
214.279 0.990463411278
214.968 0.990463411278
215.657 0.990511591704
216.346 0.990560616343
217.035 0.990611872115
217.724 0.990611872115
218.413 0.99065800231
219.102 0.990703951603
219.791 0.990703951603
220.48 0.990753458649
221.169 0.990799468242
221.858 0.990799468242
222.547 0.990846322049
223.236 0.990891185925
223.925 0.990891185925
224.614 0.99093797943
225.303 0.990984652333
225.992 0.990984652333
226.681 0.991030842829
227.37 0.991079867468
228.059 0.991125394654
228.748 0.991125394654
229.437 0.991174298691
230.126 0.991221876108
230.815 0.991221876108
231.504 0.991264086745
232.193 0.991309433028
232.882 0.991309433028
233.571 0.991353754196
234.26 0.99139916078
234.949 0.99139916078
235.638 0.991446135188
236.327 0.991491662374
237.016 0.991534717223
237.705 0.991534717223
238.394 0.991579219294
239.083 0.991624686179
239.772 0.991624686179
240.461 0.991667077718
241.15 0.99170971046
241.839 0.99170971046
242.528 0.991752343203
243.217 0.991792805113
243.906 0.991792805113
244.595 0.991838633803
245.284 0.991879216315
245.973 0.991879216315
246.662 0.99192335658
247.351 0.991973285733
248.04 0.992032983632
248.729 0.992032983632
249.418 0.992083033387
250.107 0.992126992749
250.796 0.992126992749
251.485 0.992169806394
252.174 0.992211836128
252.863 0.992211836128
253.552 0.992253564357
254.241 0.992294207169
254.93 0.992294207169
255.619 0.992335091185
256.308 0.992375673697
256.997 0.992375673697
257.686 0.992416437111
258.375 0.992455089994
259.064 0.99249464739
259.753 0.99249464739
260.442 0.992534626892
261.131 0.99257430489
261.82 0.99257430489
262.509 0.99261410349
263.198 0.992654746303
263.887 0.992654746303
264.576 0.99269370069
265.265 0.992732715378
265.954 0.992732715378
266.643 0.992771066756
267.332 0.992810684453
268.021 0.992850724256
268.71 0.992850724256
269.399 0.992891789175
270.088 0.992930803863
270.777 0.992930803863
271.466 0.992967406515
272.155 0.993007446318
272.844 0.993007446318
273.533 0.993044410775
274.222 0.993079566205
274.911 0.993079566205
275.6 0.993116651264
276.289 0.993153856925
276.978 0.993153856925
277.667 0.993190459576
278.356 0.993227424033
279.045 0.993266921128
279.734 0.993266921128
280.423 0.993302076558
281.112 0.993336568678
281.801 0.993336568678
282.49 0.993375402463
283.179 0.993411583009
283.868 0.993411583009
284.557 0.99344884897
285.246 0.993483401391
285.935 0.993483401391
286.624 0.993517712608
287.313 0.993552807737
288.002 0.99358555113
288.691 0.99358555113
289.38 0.993619018135
290.069 0.993651761528
290.758 0.993651761528
291.447 0.99368504763
292.136 0.993719961856
292.825 0.993719961856
293.514 0.993751016824
294.203 0.993784966236
294.892 0.993784966236
295.581 0.993820664374
296.27 0.993854372582
296.959 0.993854372582
297.648 0.993884583337
298.337 0.993916422217
299.026 0.993947658088
299.715 0.993947658088
300.404 0.993978230648
301.093 0.994009647422
301.782 0.994009647422
302.471 0.994040581788
303.16 0.994069526224
303.849 0.994069526224
304.538 0.994099435475
305.227 0.994130791948
305.916 0.994130791948
306.605 0.994161243906
307.294 0.994192600379
307.983 0.994192600379
308.672 0.994222750833
309.361 0.994252418881
310.05 0.994282026627
310.739 0.994282026627
311.428 0.9943134434
312.117 0.994342267235
312.806 0.994342267235
313.495 0.994372900096
314.184 0.994402809347
314.873 0.994402809347
315.562 0.994433683412
316.251 0.994460276113
316.94 0.994460276113
317.629 0.994492114993
318.318 0.99452310966
319.007 0.994553441017
319.696 0.994553441017
320.385 0.994584616587
321.074 0.994615249449
321.763 0.994615249449
322.452 0.994645158699
323.141 0.994676093066
323.83 0.994676093066
324.519 0.99470690683
325.208 0.994739288418
325.897 0.994739288418
326.586 0.994773418732
327.275 0.994805920922
327.964 0.994805920922
328.653 0.994838423112
329.342 0.994876895092
330.031 0.994993939156
330.72 0.994993939156
331.409 0.995135766893
332.098 0.995196248705
332.787 0.995196248705
333.476 0.99527753433
334.165 0.995421834404
334.854 0.995421834404
335.543 0.995461150597
336.232 0.995498416558
336.921 0.995498416558
337.61 0.995533210183
338.299 0.995566797789
338.988 0.995566797789
339.677 0.995599601483
340.366 0.995631560965
341.055 0.995663038039
341.744 0.995663038039
342.433 0.995694816618
343.122 0.995728645428
343.811 0.995728645428
344.5 0.995761147618
345.189 0.995794192516
345.878 0.995794192516
346.567 0.995824765077
347.256 0.995855699443
347.945 0.995855699443
348.634 0.995887779526
349.323 0.9959191963
350.012 0.995951336684
350.701 0.995951336684
351.39 0.995982150449
352.079 0.996013386319
352.768 0.996013386319
353.457 0.996044019181
354.146 0.996072843015
354.835 0.996072843015
355.524 0.996103355275
356.213 0.996134591146
356.902 0.996134591146
357.591 0.996164440096
358.28 0.996192902125
358.969 0.996192902125
359.658 0.99622377619
360.347 0.996254589954
361.036 0.996283172585
361.725 0.996283172585
362.414 0.996313262739
363.103 0.996343714698
363.792 0.996343714698
364.481 0.996375553577
365.17 0.996407271855
365.859 0.996407271855
366.548 0.996436155991
367.237 0.99646660795
367.926 0.99646660795
368.615 0.996497904121
369.304 0.99652901939
369.993 0.99652901939
370.682 0.996560074358
371.371 0.996590888123
372.06 0.996624355127
372.749 0.996624355127
373.438 0.996655349794
374.127 0.996686344461
374.816 0.996686344461
375.505 0.99671613311
376.194 0.996745801157
376.883 0.996745801157
377.572 0.996775469204
378.261 0.996803267923
378.95 0.996803267923
379.639 0.996832332961
380.328 0.996861759805
381.017 0.996892211764
381.706 0.996892211764
382.395 0.996920975297
383.084 0.996949256423
383.773 0.996949256423
384.462 0.996979105373
385.151 0.997006602588
385.84 0.997006602588
386.529 0.997035004316
387.218 0.997058461369
387.907 0.997058461369
388.596 0.997085958584
389.285 0.997113516099
389.974 0.997113516099
390.663 0.997141736924
391.352 0.997169415041
392.041 0.997197153459
392.73 0.997197153459
393.419 0.997223143151
394.108 0.997251243375
394.797 0.997251243375
395.486 0.997279826005
396.175 0.997308107132
396.864 0.997308107132
397.553 0.997336750063
398.242 0.997364247278
398.931 0.997364247278
399.62 0.997392106297
400.309 0.997417131175
400.998 0.997417131175
401.687 0.997443542973
402.376 0.997470437178
403.065 0.997494859046
403.754 0.997494859046
404.443 0.997517592489
405.132 0.997544546995
405.821 0.997544546995
406.51 0.997571501501
407.199 0.997598697211
407.888 0.997598697211
408.577 0.997621732158
409.266 0.997645430415
409.955 0.997645430415
410.644 0.997668887469
411.333 0.99769481686
412.022 0.997724123101
412.711 0.997724123101
413.4 0.997753308741
414.089 0.997783579797
414.778 0.997783579797
415.467 0.997810654905
416.156 0.99784412191
416.845 0.99784412191
417.534 0.99787071461
418.223 0.997894955576
418.912 0.997894955576
419.601 0.997918231727
420.29 0.997941085771
420.979 0.997941085771
421.668 0.997963457408
422.357 0.997987879276
423.046 0.998010853922
423.735 0.998010853922
424.424 0.998033346161
425.113 0.998056260507
425.802 0.998056260507
426.491 0.998077667329
427.18 0.998098591745
427.869 0.998098591745
428.558 0.9981221694
429.247 0.998141103885
429.936 0.998141103885
430.625 0.998161726796
431.314 0.998183314521
432.003 0.99820707308
432.692 0.99820707308
433.381 0.998229444717
434.07 0.998252178159
434.759 0.998252178159
435.448 0.998273162876
436.137 0.998293906388
436.826 0.998293906388
437.515 0.998316760433
438.204 0.998336117024
438.893 0.998336117024
439.582 0.998357342944
440.271 0.998375795022
440.96 0.998375795022
441.649 0.998394307401
442.338 0.99841281978
443.027 0.99843271908
443.716 0.99843271908
444.405 0.998451834468
445.094 0.998468477519
445.783 0.998468477519
446.472 0.998486205986
447.161 0.998505381675
447.85 0.998505381675
448.539 0.998524979471
449.228 0.998543310947
449.917 0.998543310947
450.606 0.9985601349
451.295 0.998577441261
451.984 0.998577441261
452.673 0.998594807923
453.362 0.998611511275
454.051 0.998628154325
454.74 0.998628154325
455.429 0.998647510917
456.118 0.998663671561
456.807 0.998663671561
457.496 0.998681942736
458.185 0.998697259167
458.874 0.998697259167
459.563 0.998713540412
460.252 0.998727892029
460.941 0.998727892029
461.63 0.998740133113
462.319 0.998754002322
463.008 0.998767087619
463.697 0.998767087619
464.386 0.998781439236
465.075 0.998795127542
465.764 0.998795127542
466.453 0.998809237955
467.142 0.998824132279
467.831 0.998824132279
468.52 0.998838302993
469.209 0.99885138829
469.898 0.99885138829
470.587 0.998863930879
471.276 0.998876895574
471.965 0.998876895574
472.654 0.99888853365
473.343 0.998900412929
474.032 0.998912231907
474.721 0.998912231907
475.41 0.998923568478
476.099 0.99893502565
476.788 0.99893502565
477.477 0.998945216504
478.166 0.998956794278
478.855 0.998956794278
479.544 0.998967889645
480.233 0.998979165915
480.922 0.998979165915
481.611 0.998989236167
482.3 0.998999004914
482.989 0.998999004914
483.678 0.999006783732
484.367 0.999017215789
485.056 0.999028190554
485.745 0.999028190554
486.434 0.999038863815
487.123 0.999050743094
487.812 0.999050743094
488.501 0.99906105455
489.19 0.999071305704
489.879 0.999071305704
490.568 0.999080471442
491.257 0.999088913569
491.946 0.999088913569
492.635 0.999098380812
493.324 0.999109114374
494.013 0.999123888096
494.702 0.999123888096
495.391 0.999146742141
496.08 0.999179003127
496.769 0.999179003127
497.458 0.999199384834
498.147 0.999231284015
498.836 0.999231284015
499.525 0.999275966988
500.214 0.999286579948
500.903 0.999286579948
501.592 0.999295444182
502.281 0.999303343601
502.97 0.999303343601
503.659 0.999310760613
504.348 0.999319263041
505.037 0.999326197645
505.726 0.999326197645
506.415 0.99933313225
507.104 0.999338981438
507.793 0.999338981438
508.482 0.999346519052
509.171 0.999354418471
509.86 0.999354418471
510.549 0.999361413376
511.238 0.999367443467
511.927 0.999367443467
512.616 0.999374076567
513.305 0.999380528764
513.994 0.999380528764
514.683 0.999387885475
515.372 0.999394277371
516.061 0.999401031073
516.75 0.999401031073
517.439 0.999407181766
518.128 0.999412669149
518.817 0.999412669149
519.506 0.999419844957
520.195 0.999426297154
520.884 0.999426297154
521.573 0.999432628749
522.262 0.999438598539
522.951 0.999438598539
523.64 0.999443482913
524.329 0.999450116013
525.018 0.999455482794
525.707 0.999455482794
526.396 0.999460789274
527.085 0.999467241471
527.774 0.999467241471
528.463 0.999473090659
529.152 0.999479361954
529.841 0.999479361954
530.53 0.999487442275
531.219 0.999498658244
531.908 0.999498658244
532.597 0.999505834053
533.286 0.999512105347
533.975 0.999512105347
534.664 0.999518979651
535.353 0.999527482079
536.042 0.999540929182
536.731 0.999540929182
537.42 0.999553351169
538.109 0.999562456606
538.798 0.999562456606
539.487 0.999572225353
540.176 0.99957934086
540.865 0.99957934086
541.554 0.999585612155
542.243 0.99959194375
542.932 0.99959194375
543.621 0.999596526619
544.31 0.999601833099
544.999 0.999601833099
545.688 0.999606777774
546.377 0.999611963652
547.066 0.999616727424
547.755 0.999616727424
548.444 0.999621491196
549.133 0.999625471056
549.822 0.999625471056
550.511 0.999630958438
551.2 0.999635541307
551.889 0.999635541307
552.578 0.999640003575
553.267 0.999645490957
553.956 0.999645490957
554.645 0.999651038641
555.334 0.999656405422
556.023 0.999661289795
556.712 0.999661289795
557.401 0.999665269655
558.09 0.999669430418
558.779 0.999669430418
559.468 0.999674013287
560.157 0.999678535855
560.846 0.999678535855
561.535 0.999683239326
562.224 0.999687882496
562.913 0.999687882496
563.602 0.999692525666
564.291 0.999696264323
564.98 0.999696264323
565.669 0.999700605988
566.358 0.999705671264
567.047 0.999710073231
567.736 0.999710073231
568.425 0.999714595799
569.114 0.999718213853
569.803 0.999718213853
570.492 0.999722977625
571.181 0.999727138388
571.87 0.999727138388
572.559 0.999731781558
573.248 0.99973594232
573.937 0.99973594232
574.626 0.999740464889
575.315 0.99974456535
576.004 0.999749992432
576.693 0.999749992432
577.382 0.99975650493
578.071 0.999763741039
578.76 0.999763741039
579.449 0.999772725875
580.138 0.999779117771
580.827 0.999779117771
581.516 0.999792745777
582.205 0.999799800983
582.894 0.999799800983
583.583 0.999803479338
584.272 0.999807760703
584.961 0.999807760703
585.65 0.999812042067
586.339 0.999816021927
587.028 0.999819459079
587.717 0.999819459079
588.406 0.999823077134
589.095 0.99982681579
589.784 0.99982681579
590.473 0.999830855951
591.162 0.999834293103
591.851 0.999834293103
592.54 0.999837790555
593.229 0.999841589513
593.918 0.999841589513
594.607 0.999846835692
595.296 0.999854554208
595.985 0.999854554208
596.674 0.999860463697
597.363 0.999864925964
598.052 0.999869870639
598.741 0.999869870639
599.43 0.999874755012
600.119 0.999878373067
600.808 0.999878373067
601.497 0.999882051422
602.186 0.999885488574
602.875 0.999885488574
603.564 0.999889046328
604.253 0.999892423179
604.942 0.999892423179
605.631 0.999895619127
606.32 0.999899056279
607.009 0.999902131625
607.698 0.999902131625
608.387 0.999905387874
609.076 0.999908945628
609.765 0.999908945628
610.454 0.999912201877
611.143 0.999915277223
611.832 0.999915277223
612.521 0.99991841287
613.21 0.999921307314
613.899 0.999921307314
614.588 0.999923779651
615.277 0.999926493192
615.966 0.999926493192
616.655 0.999929508238
617.344 0.999932040876
618.033 0.999935297125
618.722 0.999935297125
619.411 0.999938553374
620.1 0.999943317146
620.789 0.999943317146
621.478 0.999946151288
622.167 0.999950312051
622.856 0.999950312051
623.545 0.999952844689
624.234 0.999954593416
624.923 0.999954593416
625.612 0.999956824549
626.301 0.999958814479
626.99 0.999958814479
627.679 0.999960623507
628.368 0.999962372233
629.057 0.999964784269
629.746 0.999964784269
630.435 0.999966653597
631.124 0.999969065634
631.813 0.999969065634
632.502 0.99997081436
633.191 0.999972683688
633.88 0.999972683688
634.569 0.999974070609
635.258 0.999975698734
635.947 0.999975698734
636.636 0.999977025354
637.325 0.999978050469
638.014 0.999979196186
638.703 0.999979196186
639.392 0.999980703709
640.081 0.999982271533
640.77 0.999982271533
641.459 0.999983296648
642.148 0.999984924773
642.837 0.999984924773
643.526 0.999986191092
644.215 0.999987035305
644.904 0.999987035305
645.593 0.999987819216
646.282 0.999988663429
646.971 0.999988663429
647.66 0.99998938704
648.349 0.999990231253
649.038 0.99999071366
649.727 0.99999071366
650.416 0.999991316669
651.105 0.999991919678
651.794 0.999991919678
652.483 0.999992281484
653.172 0.999993185997
653.861 0.999993185997
654.55 0.999994090511
655.239 0.999994512617
655.928 0.999994512617
656.617 0.999995175927
657.306 0.999995598034
657.995 0.999995598034
658.684 0.999995959839
659.373 0.999996381945
660.062 0.999996743751
660.751 0.999996743751
661.44 0.999997286459
662.129 0.999997527663
662.818 0.999997527663
663.507 0.999997829167
664.196 0.999997949769
664.885 0.999997949769
665.574 0.999998070371
666.263 0.999998190973
666.952 0.999998190973
667.641 0.999998251274
668.33 0.999998371875
669.019 0.999998432176
669.708 0.999998432176
670.397 0.999998492477
671.086 0.999998613079
671.775 0.999998613079
672.464 0.999998793982
673.153 0.999998974885
673.842 0.999998974885
674.531 0.999999035185
675.22 0.999999095486
675.909 0.999999095486
676.598 0.999999095486
677.287 0.999999155787
677.976 0.999999155787
678.665 0.999999216088
679.354 0.999999276389
680.043 0.999999276389
680.732 0.999999276389
681.421 0.999999396991
682.11 0.999999457292
682.799 0.999999457292
683.488 0.999999577894
684.177 0.999999577894
684.866 0.999999577894
685.555 0.999999577894
686.244 0.999999698495
686.933 0.999999698495
687.622 0.999999698495
688.311 0.999999879398
689.0 0.999999879398
689.0 1.0
