0.0 0.897777296443
0.662 0.897777296443
1.324 0.921888072106
1.986 0.921888072106
2.648 0.976953475075
3.31 0.994682062855
3.972 0.994682062855
4.634 0.999357252613
5.296 0.999820665097
5.958 0.999820665097
6.62 0.999872765082
7.282 0.999878614271
7.944 0.999878614271
8.606 0.999881388112
9.268 0.999883739848
9.93 0.999883739848
10.592 0.999896282437
11.254 0.999900081394
11.916 0.999900081394
12.578 0.999901528616
13.24 0.999902674333
13.902 0.999902674333
14.564 0.999903337643
15.226 0.999903880351
15.888 0.999903880351
16.55 0.999904181856
17.212 0.999904543661
17.874 0.999904543661
18.536 0.999905206971
19.198 0.999906051184
19.86 0.999906051184
20.522 0.999907377804
21.184 0.999908644123
21.846 0.999908644123
22.508 0.999909850141
23.17 0.999910211947
23.832 0.999910211947
24.494 0.999910332549
25.156 0.999911237062
25.818 0.999911237062
26.48 0.999912020974
27.142 0.99991244308
27.804 0.99991244308
28.466 0.999912804886
29.128 0.999912865187
29.79 0.999912865187
30.452 0.999913468196
31.114 0.999913649099
31.776 0.999913649099
32.438 0.999913950603
33.1 0.999914191807
33.762 0.999914191807
34.424 0.999914613913
35.086 0.999914794816
35.748 0.999914794816
36.41 0.99991503602
37.072 0.999915397825
37.734 0.999915397825
38.396 0.999915397825
39.058 0.999915397825
39.72 0.999915397825
40.382 0.999915578728
41.044 0.999916061135
41.706 0.999916061135
42.368 0.999916302339
43.03 0.99991636264
43.692 0.99991636264
44.354 0.999916543542
45.016 0.999916603843
45.678 0.999916603843
46.34 0.999916784746
47.002 0.99991702595
47.664 0.99991702595
48.326 0.999917267153
48.988 0.999917267153
49.65 0.999917508357
50.312 0.999917930463
50.974 0.999917930463
51.636 0.999918051065
52.298 0.99991835257
52.96 0.99991835257
53.622 0.999918533472
54.284 0.999918654074
54.946 0.999918654074
55.608 0.999918654074
56.27 0.999918714375
56.932 0.999918714375
57.594 0.999918834977
58.256 0.999919136481
58.918 0.999919136481
59.58 0.999919437986
60.242 0.999919498287
60.904 0.999919498287
61.566 0.99991973949
62.228 0.999919799791
62.89 0.999919799791
63.552 0.999919860092
64.214 0.999919860092
64.876 0.999919860092
65.538 0.999920101296
66.2 0.999920221898
66.862 0.999920221898
67.524 0.999920523402
68.186 0.999920764606
68.848 0.999920764606
69.51 0.999921186712
70.172 0.999921427916
70.834 0.999921427916
71.496 0.999921789721
72.158 0.999921970624
72.82 0.999921970624
73.482 0.999922030925
74.144 0.999922030925
74.806 0.999922030925
75.468 0.999922091226
76.13 0.999922211828
76.792 0.999922211828
77.454 0.999922272129
78.116 0.999922272129
78.778 0.999922272129
79.44 0.999922272129
80.102 0.999922453031
80.764 0.999922453031
81.426 0.999922573633
82.088 0.999922754536
82.75 0.999922754536
83.412 0.999926312289
84.074 0.999926432891
84.736 0.999926432891
85.398 0.999926613794
86.06 0.999926794697
86.722 0.999926794697
87.384 0.999926854998
88.046 0.999927277104
88.708 0.999927277104
89.37 0.999927337405
90.032 0.999927397706
90.694 0.999927397706
91.356 0.999927458007
92.018 0.999927518308
92.68 0.999927518308
93.342 0.999927578609
94.004 0.99992769921
94.666 0.99992769921
95.328 0.999927819812
95.99 0.999927819812
96.652 0.999928000715
97.314 0.999928302219
97.976 0.999928302219
98.638 0.999928483122
99.3 0.999928603724
99.962 0.999928603724
100.624 0.999928784627
101.286 0.999928784627
101.948 0.999928784627
102.61 0.999928965529
103.272 0.999929327335
103.934 0.999929327335
104.596 0.999929568539
105.258 0.999929809742
105.92 0.999929809742
106.582 0.999929809742
107.244 0.999929870043
107.906 0.999929870043
108.568 0.999929930344
109.23 0.999929930344
109.892 0.999929930344
110.554 0.999930050946
111.216 0.999930111247
111.878 0.999930111247
112.54 0.999930111247
113.202 0.999930111247
113.864 0.999930111247
114.526 0.999930231849
115.188 0.999930231849
115.85 0.999930231849
116.512 0.999930231849
117.174 0.99993035245
117.836 0.99993035245
118.498 0.999930412751
119.16 0.999930533353
119.822 0.999930533353
120.484 0.999930533353
121.146 0.999930593654
121.808 0.999930593654
122.47 0.999930653955
123.132 0.999930714256
123.794 0.999930714256
124.456 0.999931377566
125.118 0.999931377566
125.78 0.999931377566
126.442 0.999931377566
127.104 0.999931377566
127.766 0.999931377566
128.428 0.999931498168
129.09 0.999931558469
129.752 0.999931558469
130.414 0.999931618769
131.076 0.99993167907
131.738 0.99993167907
132.4 0.999931799672
133.062 0.999931799672
133.724 0.999931799672
134.386 0.999931920274
135.048 0.999931920274
135.71 0.999931920274
136.372 0.999931980575
137.034 0.999932040876
137.696 0.999932040876
138.358 0.999932040876
139.02 0.999932101177
139.682 0.999932101177
140.344 0.999932101177
141.006 0.999932282079
141.668 0.999932282079
142.33 0.99993234238
142.992 0.99993234238
143.654 0.99993234238
144.316 0.999932402681
144.978 0.999932402681
145.64 0.999932704186
146.302 0.999932764487
146.964 0.999932764487
147.626 0.999932824788
148.288 0.999932824788
148.95 0.999932824788
149.612 0.999932824788
150.274 0.999932824788
150.936 0.999932824788
151.598 0.999932824788
152.26 0.999932824788
152.922 0.999932824788
153.584 0.999932885089
154.246 0.999932885089
154.908 0.999932885089
155.57 0.999932945389
156.232 0.999932945389
156.894 0.999932945389
157.556 0.999933126292
158.218 0.999933126292
158.88 0.999933126292
159.542 0.999933126292
160.204 0.999933246894
160.866 0.999933246894
161.528 0.999933427797
162.19 0.999933488098
162.852 0.999933488098
163.514 0.999933608699
164.176 0.999933729301
164.838 0.999933729301
165.5 0.999945849784
166.162 0.999946814598
166.824 0.999946814598
167.486 0.999946874899
168.148 0.99994759851
168.81 0.99994759851
169.472 0.99994759851
170.134 0.99994759851
170.796 0.99994759851
171.458 0.99994759851
172.12 0.99994759851
172.782 0.99994759851
173.444 0.999947719112
174.106 0.999947839714
174.768 0.999947839714
175.43 0.999947900015
176.092 0.999948382422
176.754 0.999948382422
177.416 0.999948563325
178.078 0.999948563325
178.74 0.999948563325
179.402 0.999948563325
180.064 0.999948563325
180.726 0.999948563325
181.388 0.999948623626
182.05 0.999948744228
182.712 0.999948744228
183.374 0.999948744228
184.036 0.999948744228
184.698 0.999948744228
185.36 0.999948744228
186.022 0.999949045732
186.684 0.999949045732
187.346 0.999949106033
188.008 0.999949106033
188.67 0.999949106033
189.332 0.999949106033
189.994 0.999949106033
190.656 0.999949106033
191.318 0.999949106033
191.98 0.999949106033
192.642 0.999949106033
193.304 0.999949106033
193.966 0.999949106033
194.628 0.999949226635
195.29 0.999949226635
195.952 0.999949226635
196.614 0.999949407538
197.276 0.999949467838
197.938 0.999949467838
198.6 0.999949467838
199.262 0.999949528139
199.924 0.999949528139
200.586 0.999949648741
201.248 0.999949709042
201.91 0.999949709042
202.572 0.999949829644
203.234 0.999949829644
203.896 0.999949829644
204.558 0.999949950246
205.22 0.999949950246
205.882 0.999949950246
206.544 0.999951095963
207.206 0.999951638671
207.868 0.999951638671
208.53 0.999951638671
209.192 0.999951638671
209.854 0.999951638671
210.516 0.999951819574
211.178 0.999951940176
211.84 0.999951940176
212.502 0.999951940176
213.164 0.999951940176
213.826 0.999951940176
214.488 0.999952000477
215.15 0.999952000477
215.812 0.999952000477
216.474 0.999952000477
217.136 0.999952121078
217.798 0.999952121078
218.46 0.999952121078
219.122 0.999952121078
219.784 0.999952121078
220.446 0.999952181379
221.108 0.999952181379
221.77 0.999952181379
222.432 0.999952181379
223.094 0.999952181379
223.756 0.999952181379
224.418 0.99995224168
225.08 0.999952301981
225.742 0.999952301981
226.404 0.999952301981
227.066 0.999952422583
227.728 0.999952422583
228.39 0.999952422583
229.052 0.999952422583
229.714 0.999952422583
230.376 0.999952603486
231.038 0.999952663787
231.7 0.999952663787
232.362 0.999952724088
233.024 0.999952844689
233.686 0.999952844689
234.348 0.99995290499
235.01 0.999953085893
235.672 0.999953085893
236.334 0.999953085893
236.996 0.999953085893
237.658 0.999953146194
238.32 0.999953206495
238.982 0.999953206495
239.644 0.999953387398
240.306 0.999953447698
240.968 0.999953447698
241.63 0.999953507999
242.292 0.999953507999
242.954 0.999953507999
243.616 0.999953507999
244.278 0.9999535683
244.94 0.9999535683
245.602 0.999953628601
246.264 0.999953628601
246.926 0.999953628601
247.588 0.999953809504
248.25 0.999957427558
248.912 0.999957427558
249.574 0.999957427558
250.236 0.999957487859
250.898 0.999957487859
251.56 0.999958090868
252.222 0.999958151169
252.884 0.999958151169
253.546 0.99995821147
254.208 0.99995821147
254.87 0.99995821147
255.532 0.999958271771
256.194 0.999958271771
256.856 0.999958271771
257.518 0.999958392373
258.18 0.999958573276
258.842 0.999958573276
259.504 0.999958633577
260.166 0.999958633577
260.828 0.999958633577
261.49 0.999958693877
262.152 0.999958693877
262.814 0.999958693877
263.476 0.999958754178
264.138 0.999958814479
264.8 0.999958814479
265.462 0.999958814479
266.124 0.99995887478
266.786 0.99995887478
267.448 0.99995887478
268.11 0.999959236586
268.772 0.999959236586
269.434 0.999959236586
270.096 0.999959236586
270.758 0.999959236586
271.42 0.999959236586
272.082 0.999959296887
272.744 0.999959296887
273.406 0.999959357187
274.068 0.999959477789
274.73 0.999959477789
275.392 0.99995953809
276.054 0.999959658692
276.716 0.999959658692
277.378 0.999959718993
278.04 0.999959779294
278.702 0.999959779294
279.364 0.999959960197
280.026 0.999959960197
280.688 0.999959960197
281.35 0.999960020497
282.012 0.999960020497
282.674 0.999960020497
283.336 0.999960020497
283.998 0.999960020497
284.66 0.999960141099
285.322 0.999960322002
285.984 0.999960322002
286.646 0.999960442604
287.308 0.999960563206
287.97 0.999960563206
288.632 0.999960623507
289.294 0.999960985312
289.956 0.999960985312
290.618 0.999960985312
291.28 0.999961045613
291.942 0.999961045613
292.604 0.999961467719
293.266 0.999961467719
293.928 0.999961467719
294.59 0.999961467719
295.252 0.999961467719
295.914 0.999961467719
296.576 0.999961467719
297.238 0.99996152802
297.9 0.99996152802
298.562 0.99996152802
299.224 0.999961829525
299.886 0.999961829525
300.548 0.999961889826
301.21 0.999961889826
301.872 0.999961889826
302.534 0.999962010427
303.196 0.999962010427
303.858 0.999962010427
304.52 0.999962070728
305.182 0.999962070728
305.844 0.999962070728
306.506 0.999962070728
307.168 0.999962131029
307.83 0.999962131029
308.492 0.999962131029
309.154 0.999962131029
309.816 0.999962131029
310.478 0.999962613437
311.14 0.999962613437
311.802 0.999962613437
312.464 0.999962734038
313.126 0.999963035543
313.788 0.999963035543
314.45 0.999963035543
315.112 0.999963156145
315.774 0.999963156145
316.436 0.999963156145
317.098 0.999963156145
317.76 0.999963156145
318.422 0.999963337047
319.084 0.999963337047
319.746 0.999963337047
320.408 0.999963457649
321.07 0.999963457649
321.732 0.999963457649
322.394 0.999963578251
323.056 0.999963638552
323.718 0.999963638552
324.38 0.999963698853
325.042 0.999963819455
325.704 0.999963819455
326.366 0.999963879756
327.028 0.999963879756
327.69 0.999963879756
328.352 0.999964000357
329.014 0.999964060658
329.676 0.999964060658
330.338 0.999967799315
331.0 0.999967799315
331.662 0.99997147767
332.324 0.999971718874
332.986 0.999971718874
333.648 0.999975336928
334.31 0.999975759035
334.972 0.999975759035
335.634 0.999975819336
336.296 0.999975939937
336.958 0.999975939937
337.62 0.999975939937
338.282 0.999975939937
338.944 0.999975939937
339.606 0.999975939937
340.268 0.999975939937
340.93 0.999975939937
341.592 0.999976000238
342.254 0.999976000238
342.916 0.999976000238
343.578 0.999976060539
344.24 0.99997612084
344.902 0.99997612084
345.564 0.99997612084
346.226 0.999976181141
346.888 0.999976181141
347.55 0.999976181141
348.212 0.999976181141
348.874 0.999976181141
349.536 0.999976181141
350.198 0.999976181141
350.86 0.999976181141
351.522 0.999976603247
352.184 0.999976603247
352.846 0.999976603247
353.508 0.99997678415
354.17 0.999977085655
354.832 0.999977085655
355.494 0.999977085655
356.156 0.999977085655
356.818 0.999977085655
357.48 0.999977085655
358.142 0.999977085655
358.804 0.999977085655
359.466 0.999977145956
360.128 0.999977145956
360.79 0.999977145956
361.452 0.999977266557
362.114 0.999977266557
362.776 0.999977266557
363.438 0.999977326858
364.1 0.999977507761
364.762 0.999977507761
365.424 0.999977507761
366.086 0.999977568062
366.748 0.999977568062
367.41 0.999977628363
368.072 0.999977628363
368.734 0.999977628363
369.396 0.999977628363
370.058 0.999977688664
370.72 0.999977688664
371.382 0.999977809266
372.044 0.999978050469
372.706 0.999978050469
373.368 0.999978050469
374.03 0.99997811077
374.692 0.99997811077
375.354 0.999978171071
376.016 0.999978171071
376.678 0.999978171071
377.34 0.999978171071
378.002 0.999978171071
378.664 0.999978171071
379.326 0.999978171071
379.988 0.999978171071
380.65 0.999978171071
381.312 0.999978171071
381.974 0.999978171071
382.636 0.999978231372
383.298 0.999978231372
383.96 0.999978231372
384.622 0.999978291673
385.284 0.999978351974
385.946 0.999978351974
386.608 0.999978351974
387.27 0.999978351974
387.932 0.999978351974
388.594 0.999978351974
389.256 0.999978351974
389.918 0.999978351974
390.58 0.999978412275
391.242 0.999978412275
391.904 0.999978412275
392.566 0.999978412275
393.228 0.999978532876
393.89 0.999978532876
394.552 0.999978593177
395.214 0.999978894682
395.876 0.999978894682
396.538 0.999978894682
397.2 0.999978954983
397.862 0.999978954983
398.524 0.999978954983
399.186 0.999978954983
399.848 0.999978954983
400.51 0.999979015284
401.172 0.999979015284
401.834 0.999979015284
402.496 0.999979015284
403.158 0.999979015284
403.82 0.999979015284
404.482 0.999979015284
405.144 0.999979256487
405.806 0.999979256487
406.468 0.999979377089
407.13 0.999979377089
407.792 0.999979377089
408.454 0.999979557992
409.116 0.999979557992
409.778 0.999979557992
410.44 0.999979618293
411.102 0.999979618293
411.764 0.999979618293
412.426 0.999979678594
413.088 0.999980462506
413.75 0.999980462506
414.412 0.999980462506
415.074 0.999980703709
415.736 0.999980703709
416.398 0.999982211232
417.06 0.999982211232
417.722 0.999982211232
418.384 0.999982331834
419.046 0.999982392135
419.708 0.999982392135
420.37 0.999982392135
421.032 0.999982392135
421.694 0.999982392135
422.356 0.999982512736
423.018 0.999982512736
423.68 0.999982512736
424.342 0.999982573037
425.004 0.999982573037
425.666 0.999982573037
426.328 0.999982814241
426.99 0.999982814241
427.652 0.999982814241
428.314 0.999982874542
428.976 0.999982874542
429.638 0.999982874542
430.3 0.999982874542
430.962 0.999982874542
431.624 0.999982934843
432.286 0.999982934843
432.948 0.999982934843
433.61 0.999982995144
434.272 0.999983055445
434.934 0.999983055445
435.596 0.999983055445
436.258 0.999983176046
436.92 0.999983176046
437.582 0.999983236347
438.244 0.999983236347
438.906 0.999983236347
439.568 0.999983296648
440.23 0.999983296648
440.892 0.999983296648
441.554 0.999983296648
442.216 0.999983296648
442.878 0.999983296648
443.54 0.999983356949
444.202 0.999983477551
444.864 0.999983477551
445.526 0.999983477551
446.188 0.999983598153
446.85 0.999983598153
447.512 0.999983779056
448.174 0.999983779056
448.836 0.999983779056
449.498 0.999983839356
450.16 0.999983839356
450.822 0.999983839356
451.484 0.999983899657
452.146 0.999983899657
452.808 0.999983899657
453.47 0.999983899657
454.132 0.999984321764
454.794 0.999984321764
455.456 0.999984321764
456.118 0.999984321764
456.78 0.999984321764
457.442 0.99998474387
458.104 0.99998474387
458.766 0.99998474387
459.428 0.999984804171
460.09 0.999984804171
460.752 0.999984804171
461.414 0.999984804171
462.076 0.999984804171
462.738 0.999984804171
463.4 0.999984804171
464.062 0.999984804171
464.724 0.999984804171
465.386 0.999984864472
466.048 0.999984864472
466.71 0.999984864472
467.372 0.999984864472
468.034 0.999984864472
468.696 0.999984864472
469.358 0.999984864472
470.02 0.999984924773
470.682 0.999984924773
471.344 0.999984924773
472.006 0.999984924773
472.668 0.999984924773
473.33 0.999984924773
473.992 0.999984924773
474.654 0.999984924773
475.316 0.999984985074
475.978 0.999984985074
476.64 0.999984985074
477.302 0.999985105676
477.964 0.999985105676
478.626 0.999985105676
479.288 0.999985105676
479.95 0.999985105676
480.612 0.999985165976
481.274 0.999985165976
481.936 0.999985165976
482.598 0.999985165976
483.26 0.999985165976
483.922 0.999985165976
484.584 0.999985165976
485.246 0.999985226277
485.908 0.999985226277
486.57 0.999985346879
487.232 0.999985346879
487.894 0.999985346879
488.556 0.999985527782
489.218 0.999985527782
489.88 0.999985527782
490.542 0.999985527782
491.204 0.999985648384
491.866 0.999985648384
492.528 0.999985648384
493.19 0.999985829286
493.852 0.999985829286
494.514 0.999985829286
495.176 0.999987095606
495.838 0.999987095606
496.5 0.999987517712
497.162 0.999987578013
497.824 0.999987578013
498.486 0.99999270359
499.148 0.999993608104
499.81 0.999993608104
500.472 0.999993608104
501.134 0.999993728705
501.796 0.999993728705
502.458 0.999993728705
503.12 0.999993789006
503.782 0.999993789006
504.444 0.999993849307
505.106 0.999993909608
505.768 0.999993909608
506.43 0.999993909608
507.092 0.999993909608
507.754 0.999993909608
508.416 0.999993909608
509.078 0.999994271414
509.74 0.999994271414
510.402 0.999994271414
511.064 0.999994331715
511.726 0.999994331715
512.388 0.999994331715
513.05 0.999994331715
513.712 0.999994331715
514.374 0.999994392015
515.036 0.999994392015
515.698 0.999994392015
516.36 0.999994392015
517.022 0.999994392015
517.684 0.999994392015
518.346 0.999994392015
519.008 0.999994392015
519.67 0.999994392015
520.332 0.999994392015
520.994 0.999994392015
521.656 0.999994392015
522.318 0.999994392015
522.98 0.999994392015
523.642 0.999994392015
524.304 0.999994392015
524.966 0.999994392015
525.628 0.999994392015
526.29 0.999994392015
526.952 0.999994392015
527.614 0.999994392015
528.276 0.999994392015
528.938 0.999994392015
529.6 0.999994512617
530.262 0.999994512617
530.924 0.999994512617
531.586 0.999994512617
532.248 0.999994572918
532.91 0.999994572918
533.572 0.999994572918
534.234 0.999994633219
534.896 0.999994633219
535.558 0.999994633219
536.22 0.99999469352
536.882 0.99999469352
537.544 0.99999469352
538.206 0.99999469352
538.868 0.99999469352
539.53 0.999994753821
540.192 0.999995175927
540.854 0.999995175927
541.516 0.999995175927
542.178 0.999995175927
542.84 0.999995175927
543.502 0.999995175927
544.164 0.999995236228
544.826 0.999995236228
545.488 0.999995236228
546.15 0.999995236228
546.812 0.999995236228
547.474 0.999995417131
548.136 0.999995417131
548.798 0.999995417131
549.46 0.999995417131
550.122 0.999995417131
550.784 0.999995417131
551.446 0.999995417131
552.108 0.999995477432
552.77 0.999995477432
553.432 0.999995658335
554.094 0.999995658335
554.756 0.999995658335
555.418 0.999995718635
556.08 0.999995778936
556.742 0.999995778936
557.404 0.999995778936
558.066 0.999995778936
558.728 0.999995778936
559.39 0.999995778936
560.052 0.999995778936
560.714 0.999995778936
561.376 0.999995778936
562.038 0.999995778936
562.7 0.999995778936
563.362 0.999995778936
564.024 0.999995778936
564.686 0.999995778936
565.348 0.999995839237
566.01 0.999995839237
566.672 0.999995839237
567.334 0.999995839237
567.996 0.999995839237
568.658 0.999995899538
569.32 0.999995899538
569.982 0.999995899538
570.644 0.999995959839
571.306 0.999995959839
571.968 0.999995959839
572.63 0.99999602014
573.292 0.99999602014
573.954 0.99999602014
574.616 0.99999602014
575.278 0.99999602014
575.94 0.99999602014
576.602 0.999996080441
577.264 0.999996080441
577.926 0.999996080441
578.588 0.999996381945
579.25 0.999996381945
579.912 0.999996381945
580.574 0.999996381945
581.236 0.999997829167
581.898 0.999997829167
582.56 0.999997829167
583.222 0.999997829167
583.884 0.999997829167
584.546 0.999997829167
585.208 0.999997829167
585.87 0.999997829167
586.532 0.999997889468
587.194 0.999997949769
587.856 0.999997949769
588.518 0.999997949769
589.18 0.999997949769
589.842 0.999997949769
590.504 0.999997949769
591.166 0.999997949769
591.828 0.999997949769
592.49 0.999997949769
593.152 0.999997949769
593.814 0.999997949769
594.476 0.999997949769
595.138 0.999997949769
595.8 0.999997949769
596.462 0.99999801007
597.124 0.99999801007
597.786 0.99999801007
598.448 0.99999801007
599.11 0.999998070371
599.772 0.999998070371
600.434 0.999998070371
601.096 0.999998070371
601.758 0.999998070371
602.42 0.999998130672
603.082 0.999998130672
603.744 0.999998130672
604.406 0.999998190973
605.068 0.999998190973
605.73 0.999998190973
606.392 0.999998190973
607.054 0.999998190973
607.716 0.999998190973
608.378 0.999998190973
609.04 0.999998190973
609.702 0.999998190973
610.364 0.999998190973
611.026 0.999998190973
611.688 0.999998190973
612.35 0.999998492477
613.012 0.999998492477
613.674 0.999998492477
614.336 0.999998492477
614.998 0.999998492477
615.66 0.999998492477
616.322 0.999998613079
616.984 0.999998613079
617.646 0.999998613079
618.308 0.999998613079
618.97 0.999998613079
619.632 0.999998613079
620.294 0.999998613079
620.956 0.999998613079
621.618 0.999998613079
622.28 0.999999035185
622.942 0.999999035185
623.604 0.999999035185
624.266 0.999999035185
624.928 0.999999035185
625.59 0.999999095486
626.252 0.999999095486
626.914 0.999999095486
627.576 0.999999095486
628.238 0.999999095486
628.9 0.999999095486
629.562 0.999999095486
630.224 0.999999155787
630.886 0.999999155787
631.548 0.999999155787
632.21 0.999999457292
632.872 0.999999457292
633.534 0.999999457292
634.196 0.999999457292
634.858 0.999999457292
635.52 0.999999457292
636.182 0.999999457292
636.844 0.999999457292
637.506 0.999999457292
638.168 0.999999517593
638.83 0.999999517593
639.492 0.999999517593
640.154 0.999999517593
640.816 0.999999517593
641.478 0.999999517593
642.14 0.999999577894
642.802 0.999999577894
643.464 0.999999638195
644.126 0.999999638195
644.788 0.999999638195
645.45 0.999999638195
646.112 0.999999638195
646.774 0.999999638195
647.436 0.999999698495
648.098 0.999999698495
648.76 0.999999698495
649.422 0.999999758796
650.084 0.999999758796
650.746 0.999999758796
651.408 0.999999758796
652.07 0.999999758796
652.732 0.999999758796
653.394 0.999999879398
654.056 0.999999879398
654.718 0.999999879398
655.38 0.999999879398
656.042 0.999999939699
656.704 0.999999939699
657.366 0.999999939699
658.028 0.999999939699
658.69 0.999999939699
659.352 0.999999939699
660.014 0.999999939699
660.676 0.999999939699
661.338 0.999999939699
662.0 1.0
